20180101.000000
 5.78  5.77  5.75  5.74  5.73  5.72  5.71  5.70  5.68  5.67  5.66  5.65  5.64  5.63  5.61  5.60  5.59  5.58
 5.78  5.76  5.75  5.74  5.73  5.72  5.70  5.69  5.68  5.67  5.66  5.65  5.64  5.62  5.61  5.60  5.59  5.58
 5.77  5.76  5.75  5.74  5.73  5.71  5.70  5.69  5.68  5.67  5.66  5.64  5.63  5.62  5.61  5.60  5.59  5.57
 5.77  5.76  5.75  5.74  5.72  5.71  5.70  5.69  5.68  5.66  5.65  5.64  5.63  5.62  5.61  5.59  5.58  5.57
 5.77  5.76  5.74  5.73  5.72  5.71  5.70  5.69  5.67  5.66  5.65  5.64  5.63  5.62  5.60  5.59  5.58  5.57
 5.76  5.75  5.74  5.73  5.72  5.71  5.70  5.68  5.67  5.66  5.65  5.64  5.62  5.61  5.60  5.59  5.58  5.57
 5.76  5.75  5.74  5.73  5.72  5.70  5.69  5.68  5.67  5.66  5.65  5.63  5.62  5.61  5.60  5.59  5.58  5.57
 5.76  5.75  5.74  5.72  5.71  5.70  5.69  5.68  5.67  5.66  5.64  5.63  5.62  5.61  5.60  5.59  5.57  5.56
 5.76  5.74  5.73  5.72  5.71  5.70  5.69  5.68  5.66  5.65  5.64  5.63  5.62  5.61  5.59  5.58  5.57  5.56
 5.75  5.74  5.73  5.72  5.71  5.70  5.68  5.67  5.66  5.65  5.64  5.63  5.61  5.60  5.59  5.58  5.57  5.56
 5.75  5.74  5.73  5.72  5.70  5.69  5.68  5.67  5.66  5.65  5.64  5.62  5.61  5.60  5.59  5.58  5.57  5.55
 5.75  5.74  5.72  5.71  5.70  5.69  5.68  5.67  5.66  5.64  5.63  5.62  5.61  5.60  5.59  5.58  5.56  5.55
 5.74  5.73  5.72  5.71  5.70  5.69  5.68  5.66  5.65  5.64  5.63  5.62  5.61  5.60  5.59  5.57  5.56  5.55
 5.74  5.73  5.72  5.71  5.70  5.68  5.67  5.66  5.65  5.64  5.63  5.62  5.61  5.59  5.58  5.57  5.56  5.55
 5.74  5.73  5.72  5.71  5.69  5.68  5.67  5.66  5.65  5.64  5.63  5.61  5.60  5.59  5.58  5.57  5.56  5.55
 5.74  5.73  5.72  5.70  5.69  5.68  5.67  5.66  5.65  5.63  5.62  5.61  5.60  5.59  5.58  5.57  5.55  5.54
 5.74  5.72  5.71  5.70  5.69  5.68  5.67  5.66  5.64  5.63  5.62  5.61  5.60  5.59  5.57  5.56  5.55  5.54
 5.73  5.72  5.71  5.70  5.69  5.68  5.66  5.65  5.64  5.63  5.62  5.61  5.59  5.58  5.57  5.56  5.55  5.54
 5.73  5.72  5.71  5.70  5.68  5.67  5.66  5.65  5.64  5.63  5.61  5.60  5.59  5.58  5.57  5.56  5.55  5.54
 5.73  5.72  5.70  5.69  5.68  5.67  5.66  5.65  5.64  5.62  5.61  5.60  5.59  5.58  5.57  5.56  5.55  5.53
 5.72  5.71  5.70  5.69  5.68  5.67  5.66  5.64  5.63  5.62  5.61  5.60  5.59  5.58  5.57  5.55  5.54  5.53
 5.72  5.71  5.70  5.69  5.68  5.66  5.65  5.64  5.63  5.62  5.61  5.60  5.59  5.57  5.56  5.55  5.54  5.53
 5.72  5.71  5.70  5.68  5.67  5.66  5.65  5.64  5.63  5.62  5.61  5.59  5.58  5.57  5.56  5.55  5.54  5.53
 5.72  5.70  5.69  5.68  5.67  5.66  5.65  5.64  5.62  5.61  5.60  5.59  5.58  5.57  5.56  5.55  5.53  5.52
 5.71  5.70  5.69  5.68  5.67  5.66  5.65  5.63  5.62  5.61  5.60  5.59  5.58  5.57  5.55  5.54  5.53  5.52
 5.71  5.70  5.69  5.68  5.67  5.65  5.64  5.63  5.62  5.61  5.60  5.59  5.57  5.56  5.55  5.54  5.53  5.52
 5.71  5.70  5.68  5.67  5.66  5.65  5.64  5.63  5.62  5.61  5.59  5.58  5.57  5.56  5.55  5.54  5.53  5.52
 5.70  5.69  5.68  5.67  5.66  5.65  5.64  5.63  5.61  5.60  5.59  5.58  5.57  5.56  5.55  5.54  5.53  5.51
 5.70  5.69  5.68  5.67  5.66  5.65  5.64  5.62  5.61  5.60  5.59  5.58  5.57  5.56  5.55  5.53  5.52  5.51
 5.70  5.69  5.68  5.67  5.66  5.64  5.63  5.62  5.61  5.60  5.59  5.58  5.57  5.55  5.54  5.53  5.52  5.51
 5.70  5.69  5.68  5.66  5.65  5.64  5.63  5.62  5.61  5.60  5.59  5.57  5.56  5.55  5.54  5.53  5.52  5.51
 5.70  5.68  5.67  5.66  5.65  5.64  5.63  5.62  5.61  5.59  5.58  5.57  5.56  5.55  5.54  5.53  5.52  5.50
 3.69  3.68  3.67  3.66  3.65  3.65  3.64  3.63  3.62  3.61  3.60  3.59  3.58  3.58  3.57  3.56  3.55  3.54
 3.69  3.68  3.67  3.66  3.66  3.65  3.64  3.63  3.62  3.61  3.60  3.59  3.59  3.58  3.57  3.56  3.55  3.54
 3.69  3.68  3.67  3.66  3.66  3.65  3.64  3.63  3.62  3.61  3.60  3.59  3.59  3.58  3.57  3.56  3.55  3.54
 3.69  3.68  3.67  3.67  3.66  3.65  3.64  3.63  3.62  3.61  3.60  3.60  3.59  3.58  3.57  3.56  3.55  3.54
 3.69  3.68  3.67  3.67  3.66  3.65  3.64  3.63  3.62  3.61  3.61  3.60  3.59  3.58  3.57  3.56  3.55  3.54
 3.69  3.68  3.68  3.67  3.66  3.65  3.64  3.63  3.62  3.61  3.61  3.60  3.59  3.58  3.57  3.56  3.55  3.54
 3.69  3.68  3.68  3.67  3.66  3.65  3.64  3.63  3.62  3.62  3.61  3.60  3.59  3.58  3.57  3.56  3.55  3.54
 3.69  3.68  3.68  3.67  3.66  3.65  3.64  3.63  3.62  3.62  3.61  3.60  3.59  3.58  3.57  3.56  3.55  3.55
 3.69  3.69  3.68  3.67  3.66  3.65  3.64  3.63  3.62  3.62  3.61  3.60  3.59  3.58  3.57  3.56  3.56  3.55
 3.69  3.69  3.68  3.67  3.66  3.65  3.64  3.63  3.62  3.62  3.61  3.60  3.59  3.58  3.57  3.56  3.56  3.55
 3.70  3.69  3.68  3.67  3.66  3.65  3.64  3.63  3.63  3.62  3.61  3.60  3.59  3.58  3.57  3.57  3.56  3.55
 3.70  3.69  3.68  3.67  3.66  3.65  3.64  3.63  3.63  3.62  3.61  3.60  3.59  3.58  3.57  3.57  3.56  3.55
 3.70  3.69  3.68  3.67  3.66  3.65  3.64  3.64  3.63  3.62  3.61  3.60  3.59  3.58  3.58  3.57  3.56  3.55
 3.70  3.69  3.68  3.67  3.66  3.65  3.64  3.64  3.63  3.62  3.61  3.60  3.59  3.58  3.58  3.57  3.56  3.55
 3.70  3.69  3.68  3.67  3.66  3.65  3.65  3.64  3.63  3.62  3.61  3.60  3.59  3.59  3.58  3.57  3.56  3.55
 3.70  3.69  3.68  3.67  3.66  3.65  3.65  3.64  3.63  3.62  3.61  3.60  3.59  3.59  3.58  3.57  3.56  3.55
 3.70  3.69  3.68  3.67  3.66  3.65  3.65  3.64  3.63  3.62  3.61  3.60  3.60  3.59  3.58  3.57  3.56  3.55
 3.70  3.69  3.68  3.67  3.66  3.66  3.65  3.64  3.63  3.62  3.61  3.60  3.60  3.59  3.58  3.57  3.56  3.55
 3.70  3.69  3.68  3.67  3.66  3.66  3.65  3.64  3.63  3.62  3.61  3.61  3.60  3.59  3.58  3.57  3.56  3.55
 3.70  3.69  3.68  3.67  3.67  3.66  3.65  3.64  3.63  3.62  3.61  3.61  3.60  3.59  3.58  3.57  3.56  3.55
 3.70  3.69  3.68  3.67  3.67  3.66  3.65  3.64  3.63  3.62  3.62  3.61  3.60  3.59  3.58  3.57  3.56  3.56
 3.70  3.69  3.68  3.67  3.67  3.66  3.65  3.64  3.63  3.62  3.62  3.61  3.60  3.59  3.58  3.57  3.56  3.56
 3.70  3.69  3.68  3.68  3.67  3.66  3.65  3.64  3.63  3.62  3.62  3.61  3.60  3.59  3.58  3.57  3.57  3.56
 3.70  3.69  3.68  3.68  3.67  3.66  3.65  3.64  3.63  3.62  3.62  3.61  3.60  3.59  3.58  3.57  3.57  3.56
 3.70  3.69  3.68  3.68  3.67  3.66  3.65  3.64  3.63  3.63  3.62  3.61  3.60  3.59  3.58  3.58  3.57  3.56
 3.70  3.69  3.69  3.68  3.67  3.66  3.65  3.64  3.63  3.63  3.62  3.61  3.60  3.59  3.58  3.58  3.57  3.56
 3.70  3.69  3.69  3.68  3.67  3.66  3.65  3.64  3.63  3.63  3.62  3.61  3.60  3.59  3.59  3.58  3.57  3.56
 3.70  3.69  3.69  3.68  3.67  3.66  3.65  3.64  3.64  3.63  3.62  3.61  3.60  3.59  3.59  3.58  3.57  3.56
 3.70  3.70  3.69  3.68  3.67  3.66  3.65  3.64  3.64  3.63  3.62  3.61  3.60  3.59  3.59  3.58  3.57  3.56
 3.70  3.70  3.69  3.68  3.67  3.66  3.65  3.65  3.64  3.63  3.62  3.61  3.60  3.60  3.59  3.58  3.57  3.56
 3.70  3.70  3.69  3.68  3.67  3.66  3.65  3.65  3.64  3.63  3.62  3.61  3.60  3.60  3.59  3.58  3.57  3.56
 3.71  3.70  3.69  3.68  3.67  3.66  3.65  3.65  3.64  3.63  3.62  3.61  3.61  3.60  3.59  3.58  3.57  3.56
20180101.060000
 6.16  6.15  6.13  6.12  6.11  6.10  6.09  6.08  6.06  6.05  6.04  6.03  6.02  6.01  5.99  5.98  5.97  5.96
 6.16  6.15  6.14  6.12  6.11  6.10  6.09  6.08  6.07  6.05  6.04  6.03  6.02  6.01  6.00  5.99  5.97  5.96
 6.16  6.15  6.14  6.13  6.12  6.10  6.09  6.08  6.07  6.06  6.05  6.03  6.02  6.01  6.00  5.99  5.98  5.97
 6.16  6.15  6.14  6.13  6.12  6.11  6.09  6.08  6.07  6.06  6.05  6.04  6.03  6.01  6.00  5.99  5.98  5.97
 6.17  6.16  6.14  6.13  6.12  6.11  6.10  6.09  6.07  6.06  6.05  6.04  6.03  6.02  6.01  5.99  5.98  5.97
 6.17  6.16  6.15  6.14  6.12  6.11  6.10  6.09  6.08  6.07  6.05  6.04  6.03  6.02  6.01  6.00  5.98  5.97
 6.17  6.16  6.15  6.14  6.13  6.11  6.10  6.09  6.08  6.07  6.06  6.05  6.03  6.02  6.01  6.00  5.99  5.97
 6.18  6.16  6.15  6.14  6.13  6.12  6.11  6.09  6.08  6.07  6.06  6.05  6.04  6.02  6.01  6.00  5.99  5.98
 6.18  6.17  6.15  6.14  6.13  6.12  6.11  6.10  6.09  6.07  6.06  6.05  6.04  6.03  6.02  6.00  5.99  5.98
 6.18  6.17  6.16  6.14  6.13  6.12  6.11  6.10  6.09  6.08  6.06  6.05  6.04  6.03  6.02  6.01  5.99  5.98
 6.18  6.17  6.16  6.15  6.14  6.12  6.11  6.10  6.09  6.08  6.07  6.05  6.04  6.03  6.02  6.01  6.00  5.99
 6.18  6.17  6.16  6.15  6.14  6.13  6.12  6.10  6.09  6.08  6.07  6.06  6.05  6.03  6.02  6.01  6.00  5.99
 6.19  6.18  6.16  6.15  6.14  6.13  6.12  6.11  6.09  6.08  6.07  6.06  6.05  6.04  6.03  6.01  6.00  5.99
 6.19  6.18  6.17  6.16  6.14  6.13  6.12  6.11  6.10  6.09  6.07  6.06  6.05  6.04  6.03  6.02  6.01  5.99
 6.19  6.18  6.17  6.16  6.15  6.14  6.12  6.11  6.10  6.09  6.08  6.07  6.05  6.04  6.03  6.02  6.01  6.00
 6.19  6.18  6.17  6.16  6.15  6.14  6.13  6.11  6.10  6.09  6.08  6.07  6.06  6.05  6.03  6.02  6.01  6.00
 6.20  6.18  6.17  6.16  6.15  6.14  6.13  6.12  6.11  6.09  6.08  6.07  6.06  6.05  6.04  6.03  6.01  6.00
 6.20  6.19  6.18  6.16  6.15  6.14  6.13  6.12  6.11  6.10  6.09  6.07  6.06  6.05  6.04  6.03  6.02  6.01
 6.20  6.19  6.18  6.17  6.16  6.14  6.13  6.12  6.11  6.10  6.09  6.08  6.07  6.05  6.04  6.03  6.02  6.01
 6.20  6.19  6.18  6.17  6.16  6.15  6.14  6.12  6.11  6.10  6.09  6.08  6.07  6.06  6.05  6.03  6.02  6.01
 6.21  6.20  6.18  6.17  6.16  6.15  6.14  6.13  6.12  6.10  6.09  6.08  6.07  6.06  6.05  6.04  6.03  6.01
 6.21  6.20  6.19  6.18  6.16  6.15  6.14  6.13  6.12  6.11  6.10  6.08  6.07  6.06  6.05  6.04  6.03  6.02
 6.21  6.20  6.19  6.18  6.17  6.16  6.14  6.13  6.12  6.11  6.10  6.09  6.08  6.06  6.05  6.04  6.03  6.02
 6.21  6.20  6.19  6.18  6.17  6.16  6.15  6.14  6.12  6.11  6.10  6.09  6.08  6.07  6.06  6.04  6.03  6.02
 6.22  6.20  6.19  6.18  6.17  6.16  6.15  6.14  6.13  6.11  6.10  6.09  6.08  6.07  6.06  6.05  6.04  6.02
 6.22  6.21  6.20  6.18  6.17  6.16  6.15  6.14  6.13  6.12  6.11  6.09  6.08  6.07  6.06  6.05  6.04  6.03
 6.22  6.21  6.20  6.19  6.18  6.16  6.15  6.14  6.13  6.12  6.11  6.10  6.09  6.07  6.06  6.05  6.04  6.03
 6.22  6.21  6.20  6.19  6.18  6.17  6.16  6.14  6.13  6.12  6.11  6.10  6.09  6.08  6.07  6.05  6.04  6.03
 6.23  6.22  6.20  6.19  6.18  6.17  6.16  6.15  6.14  6.12  6.11  6.10  6.09  6.08  6.07  6.06  6.05  6.03
 6.23  6.22  6.21  6.20  6.18  6.17  6.16  6.15  6.14  6.13  6.12  6.11  6.09  6.08  6.07  6.06  6.05  6.04
 6.23  6.22  6.21  6.20  6.19  6.18  6.16  6.15  6.14  6.13  6.12  6.11  6.10  6.09  6.07  6.06  6.05  6.04
 6.23  6.22  6.21  6.20  6.19  6.18  6.17  6.16  6.14  6.13  6.12  6.11  6.10  6.09  6.08  6.07  6.05  6.04
 5.70  5.69  5.68  5.66  5.65  5.64  5.63  5.61  5.60  5.59  5.58  5.56  5.55  5.54  5.53  5.51  5.50  5.49
 5.70  5.69  5.68  5.66  5.65  5.64  5.62  5.61  5.60  5.59  5.57  5.56  5.55  5.54  5.53  5.51  5.50  5.49
 5.70  5.69  5.67  5.66  5.65  5.64  5.62  5.61  5.60  5.59  5.57  5.56  5.55  5.54  5.53  5.51  5.50  5.49
 5.70  5.68  5.67  5.66  5.65  5.64  5.62  5.61  5.60  5.59  5.57  5.56  5.55  5.54  5.52  5.51  5.50  5.49
 5.70  5.68  5.67  5.66  5.65  5.63  5.62  5.61  5.60  5.58  5.57  5.56  5.55  5.53  5.52  5.51  5.50  5.49
 5.70  5.68  5.67  5.66  5.64  5.63  5.62  5.61  5.60  5.58  5.57  5.56  5.55  5.53  5.52  5.51  5.50  5.48
 5.69  5.68  5.67  5.66  5.64  5.63  5.62  5.61  5.59  5.58  5.57  5.56  5.55  5.53  5.52  5.51  5.50  5.48
 5.69  5.68  5.67  5.66  5.64  5.63  5.62  5.61  5.59  5.58  5.57  5.56  5.54  5.53  5.52  5.51  5.49  5.48
 5.69  5.68  5.67  5.65  5.64  5.63  5.62  5.61  5.59  5.58  5.57  5.55  5.54  5.53  5.52  5.51  5.49  5.48
 5.69  5.68  5.66  5.65  5.64  5.63  5.62  5.60  5.59  5.58  5.57  5.55  5.54  5.53  5.52  5.51  5.49  5.48
 5.69  5.68  5.66  5.65  5.64  5.63  5.61  5.60  5.59  5.58  5.57  5.55  5.54  5.53  5.52  5.50  5.49  5.48
 5.69  5.68  5.66  5.65  5.64  5.63  5.61  5.60  5.59  5.58  5.56  5.55  5.54  5.53  5.51  5.50  5.49  5.48
 5.69  5.67  5.66  5.65  5.64  5.62  5.61  5.60  5.59  5.58  5.56  5.55  5.54  5.53  5.51  5.50  5.49  5.48
 5.68  5.67  5.66  5.65  5.64  5.62  5.61  5.60  5.59  5.57  5.56  5.55  5.54  5.53  5.51  5.50  5.49  5.48
 5.68  5.67  5.66  5.65  5.64  5.62  5.61  5.60  5.59  5.57  5.56  5.55  5.54  5.52  5.51  5.50  5.49  5.47
 5.68  5.67  5.66  5.65  5.63  5.62  5.61  5.60  5.59  5.57  5.56  5.55  5.53  5.52  5.51  5.50  5.49  5.47
 5.68  5.67  5.66  5.64  5.63  5.62  5.61  5.60  5.58  5.57  5.56  5.55  5.53  5.52  5.51  5.50  5.49  5.47
 5.68  5.67  5.66  5.64  5.63  5.62  5.61  5.59  5.58  5.57  5.56  5.55  5.53  5.52  5.51  5.50  5.48  5.47
 5.68  5.67  5.66  5.64  5.63  5.62  5.61  5.59  5.58  5.57  5.56  5.54  5.53  5.52  5.51  5.49  5.48  5.47
 5.68  5.67  5.65  5.64  5.63  5.62  5.61  5.59  5.58  5.57  5.56  5.54  5.53  5.52  5.51  5.49  5.48  5.47
 5.68  5.66  5.65  5.64  5.63  5.62  5.60  5.59  5.58  5.57  5.55  5.54  5.53  5.52  5.51  5.49  5.48  5.47
 5.68  5.66  5.65  5.64  5.63  5.61  5.60  5.59  5.58  5.57  5.55  5.54  5.53  5.52  5.50  5.49  5.48  5.47
 5.68  5.66  5.65  5.64  5.63  5.61  5.60  5.59  5.58  5.57  5.55  5.54  5.53  5.52  5.50  5.49  5.48  5.47
 5.67  5.66  5.65  5.64  5.62  5.61  5.60  5.59  5.58  5.56  5.55  5.54  5.53  5.51  5.50  5.49  5.48  5.47
 5.67  5.66  5.65  5.64  5.62  5.61  5.60  5.59  5.57  5.56  5.55  5.54  5.53  5.51  5.50  5.49  5.48  5.46
 5.67  5.66  5.65  5.64  5.62  5.61  5.60  5.59  5.57  5.56  5.55  5.54  5.53  5.51  5.50  5.49  5.48  5.46
 5.67  5.66  5.65  5.63  5.62  5.61  5.60  5.59  5.57  5.56  5.55  5.54  5.52  5.51  5.50  5.49  5.47  5.46
 5.67  5.66  5.64  5.63  5.62  5.61  5.60  5.58  5.57  5.56  5.55  5.53  5.52  5.51  5.50  5.49  5.47  5.46
 5.67  5.66  5.64  5.63  5.62  5.61  5.59  5.58  5.57  5.56  5.55  5.53  5.52  5.51  5.50  5.49  5.47  5.46
 5.67  5.66  5.64  5.63  5.62  5.61  5.59  5.58  5.57  5.56  5.55  5.53  5.52  5.51  5.50  5.48  5.47  5.46
 5.67  5.65  5.64  5.63  5.62  5.61  5.59  5.58  5.57  5.56  5.54  5.53  5.52  5.51  5.49  5.48  5.47  5.46
 5.66  5.65  5.64  5.63  5.62  5.60  5.59  5.58  5.57  5.55  5.54  5.53  5.52  5.51  5.49  5.48  5.47  5.46
20180101.120000
 5.90  5.88  5.86  5.85  5.83  5.82  5.80  5.79  5.77  5.76  5.74  5.72  5.71  5.69  5.68  5.66  5.64  5.63
 5.90  5.88  5.87  5.85  5.84  5.82  5.80  5.79  5.77  5.76  5.74  5.72  5.71  5.69  5.68  5.66  5.65  5.63
 5.90  5.88  5.87  5.85  5.84  5.82  5.80  5.79  5.77  5.76  5.74  5.73  5.71  5.70  5.68  5.66  5.65  5.63
 5.90  5.89  5.87  5.85  5.84  5.82  5.81  5.79  5.78  5.76  5.74  5.73  5.71  5.70  5.68  5.67  5.65  5.63
 5.90  5.89  5.87  5.86  5.84  5.82  5.81  5.79  5.78  5.76  5.74  5.73  5.71  5.70  5.68  5.67  5.65  5.64
 5.90  5.89  5.87  5.86  5.84  5.82  5.81  5.79  5.78  5.76  5.75  5.73  5.72  5.70  5.68  5.67  5.65  5.64
 5.91  5.89  5.87  5.86  5.84  5.83  5.81  5.80  5.78  5.76  5.75  5.73  5.72  5.70  5.69  5.67  5.66  5.64
 5.91  5.89  5.88  5.86  5.84  5.83  5.81  5.80  5.78  5.77  5.75  5.73  5.72  5.70  5.69  5.67  5.66  5.64
 5.91  5.89  5.88  5.86  5.84  5.83  5.81  5.80  5.78  5.77  5.75  5.74  5.72  5.70  5.69  5.67  5.66  5.64
 5.91  5.89  5.88  5.86  5.85  5.83  5.82  5.80  5.78  5.77  5.75  5.74  5.72  5.71  5.69  5.68  5.66  5.64
 5.91  5.89  5.88  5.86  5.85  5.83  5.82  5.80  5.79  5.77  5.75  5.74  5.72  5.71  5.69  5.68  5.66  5.64
 5.91  5.90  5.88  5.86  5.85  5.83  5.82  5.80  5.79  5.77  5.76  5.74  5.72  5.71  5.69  5.68  5.66  5.65
 5.91  5.90  5.88  5.87  5.85  5.84  5.82  5.80  5.79  5.77  5.76  5.74  5.73  5.71  5.70  5.68  5.66  5.65
 5.91  5.90  5.88  5.87  5.85  5.84  5.82  5.81  5.79  5.77  5.76  5.74  5.73  5.71  5.70  5.68  5.66  5.65
 5.92  5.90  5.89  5.87  5.85  5.84  5.82  5.81  5.79  5.78  5.76  5.74  5.73  5.71  5.70  5.68  5.67  5.65
 5.92  5.90  5.89  5.87  5.86  5.84  5.82  5.81  5.79  5.78  5.76  5.75  5.73  5.72  5.70  5.68  5.67  5.65
 5.92  5.90  5.89  5.87  5.86  5.84  5.82  5.81  5.79  5.78  5.76  5.75  5.73  5.72  5.70  5.69  5.67  5.66
 5.92  5.91  5.89  5.87  5.86  5.84  5.83  5.81  5.80  5.78  5.76  5.75  5.73  5.72  5.70  5.69  5.67  5.66
 5.92  5.91  5.89  5.88  5.86  5.84  5.83  5.81  5.80  5.78  5.77  5.75  5.74  5.72  5.70  5.69  5.67  5.66
 5.92  5.91  5.89  5.88  5.86  5.84  5.83  5.81  5.80  5.78  5.77  5.75  5.74  5.72  5.71  5.69  5.68  5.66
 5.92  5.91  5.89  5.88  5.86  5.85  5.83  5.82  5.80  5.78  5.77  5.75  5.74  5.72  5.71  5.69  5.68  5.66
 5.93  5.91  5.89  5.88  5.86  5.85  5.83  5.82  5.80  5.79  5.77  5.76  5.74  5.72  5.71  5.69  5.68  5.66
 5.93  5.91  5.90  5.88  5.86  5.85  5.83  5.82  5.80  5.79  5.77  5.76  5.74  5.73  5.71  5.70  5.68  5.66
 5.93  5.91  5.90  5.88  5.87  5.85  5.84  5.82  5.80  5.79  5.77  5.76  5.74  5.73  5.71  5.70  5.68  5.66
 5.93  5.91  5.90  5.88  5.87  5.85  5.84  5.82  5.81  5.79  5.78  5.76  5.74  5.73  5.71  5.70  5.68  5.67
 5.93  5.92  5.90  5.89  5.87  5.85  5.84  5.82  5.81  5.79  5.78  5.76  5.75  5.73  5.72  5.70  5.68  5.67
 5.93  5.92  5.90  5.89  5.87  5.86  5.84  5.82  5.81  5.79  5.78  5.76  5.75  5.73  5.72  5.70  5.69  5.67
 5.93  5.92  5.90  5.89  5.87  5.86  5.84  5.83  5.81  5.80  5.78  5.76  5.75  5.73  5.72  5.70  5.69  5.67
 5.93  5.92  5.90  5.89  5.87  5.86  5.84  5.83  5.81  5.80  5.78  5.77  5.75  5.74  5.72  5.70  5.69  5.67
 5.94  5.92  5.91  5.89  5.88  5.86  5.84  5.83  5.81  5.80  5.78  5.77  5.75  5.74  5.72  5.71  5.69  5.68
 5.94  5.92  5.91  5.89  5.88  5.86  5.85  5.83  5.82  5.80  5.78  5.77  5.75  5.74  5.72  5.71  5.69  5.68
 5.94  5.92  5.91  5.89  5.88  5.86  5.85  5.83  5.82  5.80  5.79  5.77  5.76  5.74  5.72  5.71  5.69  5.68
 4.98  4.97  4.96  4.95  4.93  4.92  4.91  4.90  4.89  4.88  4.87  4.86  4.84  4.83  4.82  4.81  4.80  4.79
 4.98  4.97  4.96  4.95  4.94  4.93  4.91  4.90  4.89  4.88  4.87  4.86  4.85  4.84  4.82  4.81  4.80  4.79
 4.98  4.97  4.96  4.95  4.94  4.93  4.91  4.90  4.89  4.88  4.87  4.86  4.85  4.84  4.82  4.81  4.80  4.79
 4.98  4.97  4.96  4.95  4.94  4.93  4.92  4.91  4.89  4.88  4.87  4.86  4.85  4.84  4.83  4.82  4.80  4.79
 4.98  4.97  4.96  4.95  4.94  4.93  4.92  4.91  4.89  4.88  4.87  4.86  4.85  4.84  4.83  4.82  4.80  4.79
 4.99  4.97  4.96  4.95  4.94  4.93  4.92  4.91  4.90  4.89  4.87  4.86  4.85  4.84  4.83  4.82  4.81  4.80
 4.99  4.98  4.96  4.95  4.94  4.93  4.92  4.91  4.90  4.89  4.88  4.86  4.85  4.84  4.83  4.82  4.81  4.80
 4.99  4.98  4.97  4.95  4.94  4.93  4.92  4.91  4.90  4.89  4.88  4.86  4.85  4.84  4.83  4.82  4.81  4.80
 4.99  4.98  4.97  4.96  4.94  4.93  4.92  4.91  4.90  4.89  4.88  4.87  4.86  4.84  4.83  4.82  4.81  4.80
 4.99  4.98  4.97  4.96  4.95  4.93  4.92  4.91  4.90  4.89  4.88  4.87  4.86  4.84  4.83  4.82  4.81  4.80
 4.99  4.98  4.97  4.96  4.95  4.94  4.92  4.91  4.90  4.89  4.88  4.87  4.86  4.85  4.84  4.82  4.81  4.80
 4.99  4.98  4.97  4.96  4.95  4.94  4.93  4.91  4.90  4.89  4.88  4.87  4.86  4.85  4.84  4.82  4.81  4.80
 4.99  4.98  4.97  4.96  4.95  4.94  4.93  4.92  4.90  4.89  4.88  4.87  4.86  4.85  4.84  4.83  4.82  4.80
 4.99  4.98  4.97  4.96  4.95  4.94  4.93  4.92  4.91  4.89  4.88  4.87  4.86  4.85  4.84  4.83  4.82  4.80
 5.00  4.99  4.97  4.96  4.95  4.94  4.93  4.92  4.91  4.90  4.88  4.87  4.86  4.85  4.84  4.83  4.82  4.81
 5.00  4.99  4.97  4.96  4.95  4.94  4.93  4.92  4.91  4.90  4.89  4.87  4.86  4.85  4.84  4.83  4.82  4.81
 5.00  4.99  4.98  4.97  4.95  4.94  4.93  4.92  4.91  4.90  4.89  4.88  4.86  4.85  4.84  4.83  4.82  4.81
 5.00  4.99  4.98  4.97  4.95  4.94  4.93  4.92  4.91  4.90  4.89  4.88  4.87  4.85  4.84  4.83  4.82  4.81
 5.00  4.99  4.98  4.97  4.96  4.95  4.93  4.92  4.91  4.90  4.89  4.88  4.87  4.86  4.84  4.83  4.82  4.81
 5.00  4.99  4.98  4.97  4.96  4.95  4.93  4.92  4.91  4.90  4.89  4.88  4.87  4.86  4.85  4.83  4.82  4.81
 5.00  4.99  4.98  4.97  4.96  4.95  4.94  4.93  4.91  4.90  4.89  4.88  4.87  4.86  4.85  4.84  4.82  4.81
 5.01  4.99  4.98  4.97  4.96  4.95  4.94  4.93  4.91  4.90  4.89  4.88  4.87  4.86  4.85  4.84  4.83  4.81
 5.01  4.99  4.98  4.97  4.96  4.95  4.94  4.93  4.92  4.91  4.89  4.88  4.87  4.86  4.85  4.84  4.83  4.82
 5.01  5.00  4.99  4.97  4.96  4.95  4.94  4.93  4.92  4.91  4.89  4.88  4.87  4.86  4.85  4.84  4.83  4.82
 5.01  5.00  4.99  4.97  4.96  4.95  4.94  4.93  4.92  4.91  4.90  4.89  4.87  4.86  4.85  4.84  4.83  4.82
 5.01  5.00  4.99  4.98  4.97  4.95  4.94  4.93  4.92  4.91  4.90  4.89  4.88  4.86  4.85  4.84  4.83  4.82
 5.01  5.00  4.99  4.98  4.97  4.95  4.94  4.93  4.92  4.91  4.90  4.89  4.88  4.86  4.85  4.84  4.83  4.82
 5.01  5.00  4.99  4.98  4.97  4.96  4.95  4.93  4.92  4.91  4.90  4.89  4.88  4.87  4.86  4.84  4.83  4.82
 5.01  5.00  4.99  4.98  4.97  4.96  4.95  4.93  4.92  4.91  4.90  4.89  4.88  4.87  4.86  4.84  4.83  4.82
 5.01  5.00  4.99  4.98  4.97  4.96  4.95  4.94  4.93  4.91  4.90  4.89  4.88  4.87  4.86  4.85  4.84  4.82
 5.01  5.00  4.99  4.98  4.97  4.96  4.95  4.94  4.93  4.91  4.90  4.89  4.88  4.87  4.86  4.85  4.84  4.82
 5.02  5.01  4.99  4.98  4.97  4.96  4.95  4.94  4.93  4.92  4.91  4.89  4.88  4.87  4.86  4.85  4.84  4.83
20180101.180000
 4.18  4.17  4.16  4.15  4.14  4.12  4.11  4.10  4.09  4.08  4.06  4.05  4.04  4.03  4.02  4.01  3.99  3.98
 4.18  4.17  4.16  4.15  4.14  4.13  4.11  4.10  4.09  4.08  4.07  4.05  4.04  4.03  4.02  4.01  3.99  3.98
 4.19  4.18  4.16  4.15  4.14  4.13  4.12  4.10  4.09  4.08  4.07  4.06  4.04  4.03  4.02  4.01  4.00  3.98
 4.19  4.18  4.16  4.15  4.14  4.13  4.12  4.11  4.09  4.08  4.07  4.06  4.05  4.03  4.02  4.01  4.00  3.99
 4.19  4.18  4.17  4.16  4.14  4.13  4.12  4.11  4.10  4.08  4.07  4.06  4.05  4.04  4.02  4.01  4.00  3.99
 4.19  4.18  4.17  4.16  4.14  4.13  4.12  4.11  4.10  4.09  4.07  4.06  4.05  4.04  4.03  4.01  4.00  3.99
 4.19  4.18  4.17  4.16  4.15  4.14  4.12  4.11  4.10  4.09  4.07  4.06  4.05  4.04  4.03  4.02  4.00  3.99
 4.20  4.18  4.17  4.16  4.15  4.14  4.12  4.11  4.10  4.09  4.08  4.07  4.05  4.04  4.03  4.02  4.01  3.99
 4.20  4.19  4.17  4.16  4.15  4.14  4.13  4.11  4.10  4.09  4.08  4.07  4.05  4.04  4.03  4.02  4.01  4.00
 4.20  4.19  4.18  4.16  4.15  4.14  4.13  4.12  4.11  4.09  4.08  4.07  4.06  4.05  4.03  4.02  4.01  4.00
 4.20  4.19  4.18  4.17  4.15  4.14  4.13  4.12  4.11  4.09  4.08  4.07  4.06  4.05  4.03  4.02  4.01  4.00
 4.20  4.19  4.18  4.17  4.16  4.14  4.13  4.12  4.11  4.10  4.09  4.07  4.06  4.05  4.04  4.03  4.01  4.00
 4.21  4.19  4.18  4.17  4.16  4.15  4.13  4.12  4.11  4.10  4.09  4.07  4.06  4.05  4.04  4.03  4.01  4.00
 4.21  4.20  4.18  4.17  4.16  4.15  4.14  4.12  4.11  4.10  4.09  4.08  4.07  4.05  4.04  4.03  4.02  4.01
 4.21  4.20  4.18  4.17  4.16  4.15  4.14  4.13  4.11  4.10  4.09  4.08  4.07  4.05  4.04  4.03  4.02  4.01
 4.21  4.20  4.19  4.18  4.16  4.15  4.14  4.13  4.12  4.10  4.09  4.08  4.07  4.06  4.05  4.03  4.02  4.01
 4.21  4.20  4.19  4.18  4.16  4.15  4.14  4.13  4.12  4.11  4.09  4.08  4.07  4.06  4.05  4.03  4.02  4.01
 4.22  4.20  4.19  4.18  4.17  4.16  4.14  4.13  4.12  4.11  4.10  4.08  4.07  4.06  4.05  4.04  4.03  4.01
 4.22  4.20  4.19  4.18  4.17  4.16  4.14  4.13  4.12  4.11  4.10  4.09  4.07  4.06  4.05  4.04  4.03  4.01
 4.22  4.21  4.20  4.18  4.17  4.16  4.15  4.14  4.12  4.11  4.10  4.09  4.08  4.06  4.05  4.04  4.03  4.02
 4.22  4.21  4.20  4.18  4.17  4.16  4.15  4.14  4.12  4.11  4.10  4.09  4.08  4.07  4.05  4.04  4.03  4.02
 4.22  4.21  4.20  4.19  4.18  4.16  4.15  4.14  4.13  4.11  4.10  4.09  4.08  4.07  4.06  4.04  4.03  4.02
 4.22  4.21  4.20  4.19  4.18  4.16  4.15  4.14  4.13  4.12  4.11  4.09  4.08  4.07  4.06  4.05  4.03  4.02
 4.23  4.21  4.20  4.19  4.18  4.17  4.16  4.14  4.13  4.12  4.11  4.09  4.08  4.07  4.06  4.05  4.04  4.02
 4.23  4.22  4.20  4.19  4.18  4.17  4.16  4.14  4.13  4.12  4.11  4.10  4.09  4.07  4.06  4.05  4.04  4.03
 4.23  4.22  4.21  4.19  4.18  4.17  4.16  4.15  4.14  4.12  4.11  4.10  4.09  4.07  4.06  4.05  4.04  4.03
 4.23  4.22  4.21  4.20  4.18  4.17  4.16  4.15  4.14  4.12  4.11  4.10  4.09  4.08  4.07  4.05  4.04  4.03
 4.23  4.22  4.21  4.20  4.19  4.17  4.16  4.15  4.14  4.13  4.11  4.10  4.09  4.08  4.07  4.05  4.04  4.03
 4.24  4.22  4.21  4.20  4.19  4.18  4.16  4.15  4.14  4.13  4.12  4.10  4.09  4.08  4.07  4.06  4.05  4.03
 4.24  4.22  4.21  4.20  4.19  4.18  4.17  4.15  4.14  4.13  4.12  4.11  4.09  4.08  4.07  4.06  4.05  4.03
 4.24  4.23  4.22  4.20  4.19  4.18  4.17  4.16  4.14  4.13  4.12  4.11  4.10  4.08  4.07  4.06  4.05  4.04
 4.24  4.23  4.22  4.20  4.19  4.18  4.17  4.16  4.15  4.13  4.12  4.11  4.10  4.09  4.07  4.06  4.05  4.04
 5.59  5.58  5.57  5.56  5.54  5.53  5.52  5.50  5.49  5.48  5.47  5.45  5.44  5.43  5.41  5.40  5.39  5.38
 5.59  5.58  5.57  5.55  5.54  5.53  5.51  5.50  5.49  5.48  5.46  5.45  5.44  5.42  5.41  5.40  5.39  5.37
 5.59  5.58  5.56  5.55  5.54  5.53  5.51  5.50  5.49  5.47  5.46  5.45  5.43  5.42  5.41  5.39  5.38  5.37
 5.59  5.57  5.56  5.55  5.53  5.52  5.51  5.50  5.48  5.47  5.46  5.45  5.43  5.42  5.41  5.39  5.38  5.37
 5.58  5.57  5.56  5.55  5.53  5.52  5.51  5.49  5.48  5.47  5.45  5.44  5.43  5.42  5.40  5.39  5.38  5.36
 5.58  5.57  5.56  5.54  5.53  5.52  5.50  5.49  5.48  5.47  5.45  5.44  5.43  5.41  5.40  5.39  5.38  5.36
 5.58  5.57  5.55  5.54  5.53  5.51  5.50  5.49  5.48  5.46  5.45  5.44  5.42  5.41  5.40  5.39  5.37  5.36
 5.58  5.56  5.55  5.54  5.53  5.51  5.50  5.49  5.47  5.46  5.45  5.43  5.42  5.41  5.39  5.38  5.37  5.36
 5.57  5.56  5.55  5.53  5.52  5.51  5.50  5.48  5.47  5.46  5.44  5.43  5.42  5.41  5.39  5.38  5.37  5.35
 5.57  5.56  5.55  5.53  5.52  5.51  5.49  5.48  5.47  5.45  5.44  5.43  5.42  5.40  5.39  5.38  5.36  5.35
 5.57  5.56  5.54  5.53  5.52  5.50  5.49  5.48  5.47  5.45  5.44  5.43  5.41  5.40  5.39  5.38  5.36  5.35
 5.57  5.55  5.54  5.53  5.51  5.50  5.49  5.47  5.46  5.45  5.44  5.42  5.41  5.40  5.39  5.37  5.36  5.35
 5.56  5.55  5.54  5.53  5.51  5.50  5.49  5.47  5.46  5.45  5.43  5.42  5.41  5.39  5.38  5.37  5.36  5.34
 5.56  5.55  5.53  5.52  5.51  5.50  5.48  5.47  5.46  5.44  5.43  5.42  5.41  5.39  5.38  5.37  5.35  5.34
 5.56  5.55  5.53  5.52  5.51  5.49  5.48  5.47  5.45  5.44  5.43  5.42  5.40  5.39  5.38  5.36  5.35  5.34
 5.55  5.54  5.53  5.52  5.50  5.49  5.48  5.47  5.45  5.44  5.43  5.41  5.40  5.39  5.37  5.36  5.35  5.34
 5.55  5.54  5.53  5.51  5.50  5.49  5.47  5.46  5.45  5.44  5.42  5.41  5.40  5.39  5.37  5.36  5.35  5.33
 5.55  5.54  5.52  5.51  5.50  5.49  5.47  5.46  5.45  5.43  5.42  5.41  5.39  5.38  5.37  5.36  5.34  5.33
 5.55  5.53  5.52  5.51  5.50  5.48  5.47  5.46  5.44  5.43  5.42  5.41  5.39  5.38  5.37  5.35  5.34  5.33
 5.55  5.53  5.52  5.51  5.49  5.48  5.47  5.45  5.44  5.43  5.42  5.40  5.39  5.38  5.36  5.35  5.34  5.32
 5.54  5.53  5.52  5.50  5.49  5.48  5.47  5.45  5.44  5.43  5.41  5.40  5.39  5.37  5.36  5.35  5.34  5.32
 5.54  5.53  5.51  5.50  5.49  5.47  5.46  5.45  5.44  5.42  5.41  5.40  5.39  5.37  5.36  5.35  5.33  5.32
 5.54  5.52  5.51  5.50  5.49  5.47  5.46  5.45  5.43  5.42  5.41  5.39  5.38  5.37  5.36  5.34  5.33  5.32
 5.53  5.52  5.51  5.50  5.48  5.47  5.46  5.44  5.43  5.42  5.41  5.39  5.38  5.37  5.35  5.34  5.33  5.32
 5.53  5.52  5.51  5.49  5.48  5.47  5.45  5.44  5.43  5.42  5.40  5.39  5.38  5.36  5.35  5.34  5.32  5.31
 5.53  5.52  5.50  5.49  5.48  5.47  5.45  5.44  5.43  5.41  5.40  5.39  5.37  5.36  5.35  5.34  5.32  5.31
 5.53  5.51  5.50  5.49  5.47  5.46  5.45  5.44  5.42  5.41  5.40  5.38  5.37  5.36  5.35  5.33  5.32  5.31
 5.52  5.51  5.50  5.49  5.47  5.46  5.45  5.43  5.42  5.41  5.39  5.38  5.37  5.36  5.34  5.33  5.32  5.30
 5.52  5.51  5.49  5.48  5.47  5.46  5.44  5.43  5.42  5.41  5.39  5.38  5.37  5.35  5.34  5.33  5.32  5.30
 5.52  5.51  5.49  5.48  5.47  5.45  5.44  5.43  5.41  5.40  5.39  5.38  5.36  5.35  5.34  5.32  5.31  5.30
 5.52  5.50  5.49  5.48  5.46  5.45  5.44  5.43  5.41  5.40  5.39  5.37  5.36  5.35  5.34  5.32  5.31  5.30
 5.51  5.50  5.49  5.47  5.46  5.45  5.44  5.42  5.41  5.40  5.38  5.37  5.36  5.35  5.33  5.32  5.31  5.29
20180102.000000
 2.96  2.95  2.93  2.92  2.90  2.89  2.87  2.86  2.84  2.83  2.81  2.80  2.78  2.76  2.75  2.73  2.72  2.70
 2.96  2.95  2.93  2.91  2.90  2.88  2.87  2.85  2.84  2.82  2.81  2.79  2.78  2.76  2.75  2.73  2.72  2.70
 2.96  2.94  2.93  2.91  2.90  2.88  2.87  2.85  2.84  2.82  2.81  2.79  2.78  2.76  2.74  2.73  2.71  2.70
 2.96  2.94  2.92  2.91  2.89  2.88  2.86  2.85  2.83  2.82  2.80  2.79  2.77  2.76  2.74  2.73  2.71  2.69
 2.95  2.94  2.92  2.91  2.89  2.88  2.86  2.85  2.83  2.82  2.80  2.79  2.77  2.75  2.74  2.72  2.71  2.69
 2.95  2.93  2.92  2.90  2.89  2.87  2.86  2.84  2.83  2.81  2.80  2.78  2.77  2.75  2.74  2.72  2.71  2.69
 2.95  2.93  2.92  2.90  2.89  2.87  2.86  2.84  2.83  2.81  2.80  2.78  2.76  2.75  2.73  2.72  2.70  2.69
 2.94  2.93  2.91  2.90  2.88  2.87  2.85  2.84  2.82  2.81  2.79  2.78  2.76  2.75  2.73  2.72  2.70  2.68
 2.94  2.93  2.91  2.90  2.88  2.87  2.85  2.84  2.82  2.81  2.79  2.77  2.76  2.74  2.73  2.71  2.70  2.68
 2.94  2.92  2.91  2.89  2.88  2.86  2.85  2.83  2.82  2.80  2.79  2.77  2.76  2.74  2.73  2.71  2.69  2.68
 2.94  2.92  2.91  2.89  2.88  2.86  2.85  2.83  2.82  2.80  2.78  2.77  2.75  2.74  2.72  2.71  2.69  2.68
 2.93  2.92  2.90  2.89  2.87  2.86  2.84  2.83  2.81  2.80  2.78  2.77  2.75  2.74  2.72  2.71  2.69  2.67
 2.93  2.92  2.90  2.89  2.87  2.86  2.84  2.83  2.81  2.80  2.78  2.76  2.75  2.73  2.72  2.70  2.69  2.67
 2.93  2.91  2.90  2.88  2.87  2.85  2.84  2.82  2.81  2.79  2.78  2.76  2.75  2.73  2.72  2.70  2.68  2.67
 2.93  2.91  2.90  2.88  2.87  2.85  2.84  2.82  2.81  2.79  2.77  2.76  2.74  2.73  2.71  2.70  2.68  2.67
 2.92  2.91  2.89  2.88  2.86  2.85  2.83  2.82  2.80  2.79  2.77  2.76  2.74  2.73  2.71  2.70  2.68  2.66
 2.92  2.91  2.89  2.88  2.86  2.85  2.83  2.81  2.80  2.78  2.77  2.75  2.74  2.72  2.71  2.69  2.68  2.66
 2.92  2.90  2.89  2.87  2.86  2.84  2.83  2.81  2.80  2.78  2.77  2.75  2.74  2.72  2.71  2.69  2.67  2.66
 2.91  2.90  2.88  2.87  2.86  2.84  2.82  2.81  2.79  2.78  2.76  2.75  2.73  2.72  2.70  2.69  2.67  2.66
 2.91  2.90  2.88  2.87  2.85  2.84  2.82  2.81  2.79  2.78  2.76  2.75  2.73  2.72  2.70  2.68  2.67  2.65
 2.91  2.89  2.88  2.87  2.85  2.83  2.82  2.80  2.79  2.77  2.76  2.74  2.73  2.71  2.70  2.68  2.67  2.65
 2.91  2.89  2.88  2.86  2.85  2.83  2.82  2.80  2.79  2.77  2.76  2.74  2.73  2.71  2.69  2.68  2.66  2.65
 2.90  2.89  2.87  2.86  2.84  2.83  2.81  2.80  2.78  2.77  2.75  2.74  2.72  2.71  2.69  2.68  2.66  2.65
 2.90  2.89  2.87  2.86  2.84  2.83  2.81  2.80  2.78  2.77  2.75  2.74  2.72  2.70  2.69  2.67  2.66  2.64
 2.90  2.88  2.87  2.85  2.84  2.82  2.81  2.79  2.78  2.76  2.75  2.73  2.72  2.70  2.69  2.67  2.66  2.64
 2.90  2.88  2.87  2.85  2.84  2.82  2.81  2.79  2.78  2.76  2.75  2.73  2.71  2.70  2.68  2.67  2.65  2.64
 2.89  2.88  2.86  2.85  2.83  2.82  2.80  2.79  2.77  2.76  2.74  2.73  2.71  2.70  2.68  2.67  2.65  2.64
 2.89  2.88  2.86  2.85  2.83  2.82  2.80  2.79  2.77  2.76  2.74  2.72  2.71  2.69  2.68  2.66  2.65  2.63
 2.89  2.87  2.86  2.84  2.83  2.81  2.80  2.78  2.77  2.75  2.74  2.72  2.71  2.69  2.68  2.66  2.65  2.63
 2.89  2.87  2.86  2.84  2.83  2.81  2.80  2.78  2.77  2.75  2.73  2.72  2.70  2.69  2.67  2.66  2.64  2.63
 2.88  2.87  2.85  2.84  2.82  2.81  2.79  2.78  2.76  2.75  2.73  2.72  2.70  2.69  2.67  2.66  2.64  2.63
 2.88  2.87  2.85  2.84  2.82  2.81  2.79  2.78  2.76  2.74  2.73  2.71  2.70  2.68  2.67  2.65  2.64  2.62
 8.72  8.69  8.67  8.65  8.63  8.60  8.58  8.56  8.54  8.52  8.49  8.47  8.45  8.43  8.40  8.38  8.36  8.34
 8.72  8.70  8.67  8.65  8.63  8.61  8.59  8.56  8.54  8.52  8.50  8.48  8.45  8.43  8.41  8.39  8.36  8.34
 8.72  8.70  8.68  8.66  8.63  8.61  8.59  8.57  8.55  8.52  8.50  8.48  8.46  8.44  8.41  8.39  8.37  8.35
 8.73  8.70  8.68  8.66  8.64  8.62  8.59  8.57  8.55  8.53  8.51  8.48  8.46  8.44  8.42  8.40  8.37  8.35
 8.73  8.71  8.69  8.66  8.64  8.62  8.60  8.58  8.55  8.53  8.51  8.49  8.47  8.44  8.42  8.40  8.38  8.35
 8.73  8.71  8.69  8.67  8.65  8.62  8.60  8.58  8.56  8.53  8.51  8.49  8.47  8.45  8.43  8.40  8.38  8.36
 8.74  8.72  8.69  8.67  8.65  8.63  8.61  8.58  8.56  8.54  8.52  8.49  8.47  8.45  8.43  8.41  8.38  8.36
 8.74  8.72  8.70  8.68  8.65  8.63  8.61  8.59  8.56  8.54  8.52  8.50  8.48  8.45  8.43  8.41  8.39  8.37
 8.75  8.73  8.70  8.68  8.66  8.64  8.61  8.59  8.57  8.55  8.52  8.50  8.48  8.46  8.44  8.41  8.39  8.37
 8.75  8.73  8.71  8.68  8.66  8.64  8.62  8.60  8.57  8.55  8.53  8.51  8.48  8.46  8.44  8.42  8.40  8.37
 8.76  8.73  8.71  8.69  8.67  8.64  8.62  8.60  8.58  8.56  8.53  8.51  8.49  8.47  8.44  8.42  8.40  8.38
 8.76  8.74  8.71  8.69  8.67  8.65  8.63  8.60  8.58  8.56  8.54  8.52  8.49  8.47  8.45  8.43  8.40  8.38
 8.76  8.74  8.72  8.70  8.67  8.65  8.63  8.61  8.59  8.56  8.54  8.52  8.50  8.47  8.45  8.43  8.41  8.39
 8.77  8.74  8.72  8.70  8.68  8.66  8.63  8.61  8.59  8.57  8.55  8.52  8.50  8.48  8.46  8.43  8.41  8.39
 8.77  8.75  8.73  8.70  8.68  8.66  8.64  8.61  8.59  8.57  8.55  8.53  8.50  8.48  8.46  8.44  8.42  8.39
 8.77  8.75  8.73  8.71  8.69  8.66  8.64  8.62  8.60  8.57  8.55  8.53  8.51  8.49  8.46  8.44  8.42  8.40
 8.78  8.76  8.73  8.71  8.69  8.67  8.65  8.62  8.60  8.58  8.56  8.53  8.51  8.49  8.47  8.45  8.42  8.40
 8.78  8.76  8.74  8.72  8.69  8.67  8.65  8.63  8.60  8.58  8.56  8.54  8.52  8.49  8.47  8.45  8.43  8.40
 8.79  8.77  8.74  8.72  8.70  8.68  8.65  8.63  8.61  8.59  8.56  8.54  8.52  8.50  8.48  8.45  8.43  8.41
 8.79  8.77  8.75  8.72  8.70  8.68  8.66  8.64  8.61  8.59  8.57  8.55  8.52  8.50  8.48  8.46  8.44  8.41
 8.80  8.77  8.75  8.73  8.71  8.68  8.66  8.64  8.62  8.60  8.57  8.55  8.53  8.51  8.48  8.46  8.44  8.42
 8.80  8.78  8.76  8.73  8.71  8.69  8.67  8.64  8.62  8.60  8.58  8.55  8.53  8.51  8.49  8.47  8.44  8.42
 8.80  8.78  8.76  8.74  8.71  8.69  8.67  8.65  8.62  8.60  8.58  8.56  8.54  8.51  8.49  8.47  8.45  8.43
 8.81  8.78  8.76  8.74  8.72  8.70  8.67  8.65  8.63  8.61  8.58  8.56  8.54  8.52  8.49  8.47  8.45  8.43
 8.81  8.79  8.77  8.74  8.72  8.70  8.68  8.65  8.63  8.61  8.59  8.57  8.54  8.52  8.50  8.48  8.45  8.43
 8.81  8.79  8.77  8.75  8.73  8.70  8.68  8.66  8.64  8.61  8.59  8.57  8.55  8.53  8.50  8.48  8.46  8.44
 8.82  8.80  8.77  8.75  8.73  8.71  8.69  8.66  8.64  8.62  8.60  8.57  8.55  8.53  8.51  8.48  8.46  8.44
 8.82  8.80  8.78  8.76  8.73  8.71  8.69  8.67  8.65  8.62  8.60  8.58  8.56  8.53  8.51  8.49  8.47  8.44
 8.83  8.81  8.78  8.76  8.74  8.72  8.69  8.67  8.65  8.63  8.60  8.58  8.56  8.54  8.52  8.49  8.47  8.45
 8.83  8.81  8.79  8.76  8.74  8.72  8.70  8.68  8.65  8.63  8.61  8.59  8.56  8.54  8.52  8.50  8.47  8.45
 8.84  8.81  8.79  8.77  8.75  8.72  8.70  8.68  8.66  8.63  8.61  8.59  8.57  8.55  8.52  8.50  8.48  8.46
 8.84  8.82  8.80  8.77  8.75  8.73  8.70  8.68  8.66  8.64  8.62  8.59  8.57  8.55  8.53  8.51  8.48  8.46
20180102.060000
 8.69  8.67  8.64  8.62  8.59  8.56  8.54  8.52  8.49  8.47  8.44  8.41  8.39  8.36  8.34  8.31  8.29  8.26
 8.69  8.67  8.64  8.62  8.59  8.57  8.54  8.52  8.49  8.47  8.44  8.42  8.39  8.37  8.34  8.32  8.29  8.27
 8.70  8.67  8.65  8.62  8.60  8.57  8.55  8.52  8.49  8.47  8.44  8.42  8.39  8.37  8.34  8.32  8.29  8.27
 8.70  8.67  8.65  8.62  8.60  8.57  8.55  8.52  8.50  8.47  8.45  8.42  8.40  8.37  8.35  8.32  8.30  8.27
 8.70  8.68  8.65  8.62  8.60  8.57  8.55  8.52  8.50  8.47  8.45  8.42  8.40  8.37  8.35  8.32  8.30  8.27
 8.70  8.68  8.65  8.63  8.60  8.58  8.55  8.53  8.50  8.48  8.45  8.43  8.40  8.38  8.35  8.32  8.30  8.27
 8.71  8.68  8.65  8.63  8.60  8.58  8.56  8.53  8.50  8.48  8.45  8.43  8.40  8.38  8.35  8.33  8.30  8.28
 8.71  8.68  8.66  8.63  8.61  8.58  8.56  8.53  8.51  8.48  8.46  8.43  8.41  8.38  8.35  8.33  8.31  8.28
 8.71  8.69  8.66  8.64  8.61  8.59  8.56  8.53  8.51  8.48  8.46  8.43  8.41  8.38  8.36  8.33  8.31  8.28
 8.71  8.69  8.66  8.64  8.61  8.59  8.56  8.54  8.51  8.49  8.46  8.44  8.41  8.39  8.36  8.34  8.31  8.28
 8.72  8.69  8.66  8.64  8.61  8.59  8.56  8.54  8.51  8.49  8.46  8.44  8.41  8.39  8.36  8.34  8.31  8.29
 8.72  8.69  8.67  8.64  8.62  8.59  8.57  8.54  8.52  8.49  8.47  8.44  8.41  8.39  8.36  8.34  8.31  8.29
 8.72  8.69  8.67  8.64  8.62  8.59  8.57  8.54  8.52  8.49  8.47  8.44  8.42  8.39  8.37  8.34  8.32  8.29
 8.72  8.70  8.67  8.65  8.62  8.60  8.57  8.55  8.52  8.50  8.47  8.44  8.42  8.40  8.37  8.35  8.32  8.29
 8.73  8.70  8.67  8.65  8.62  8.60  8.57  8.55  8.52  8.50  8.47  8.45  8.42  8.40  8.37  8.35  8.32  8.30
 8.73  8.70  8.68  8.65  8.63  8.60  8.58  8.55  8.53  8.50  8.48  8.45  8.43  8.40  8.38  8.35  8.32  8.30
 8.73  8.70  8.68  8.65  8.63  8.60  8.58  8.55  8.53  8.50  8.48  8.45  8.43  8.40  8.38  8.35  8.33  8.30
 8.73  8.71  8.68  8.66  8.63  8.61  8.58  8.56  8.53  8.51  8.48  8.45  8.43  8.40  8.38  8.35  8.33  8.30
 8.73  8.71  8.68  8.66  8.63  8.61  8.58  8.56  8.53  8.51  8.48  8.46  8.43  8.41  8.38  8.36  8.33  8.31
 8.74  8.71  8.69  8.66  8.64  8.61  8.59  8.56  8.53  8.51  8.48  8.46  8.44  8.41  8.38  8.36  8.33  8.31
 8.74  8.71  8.69  8.66  8.64  8.61  8.59  8.56  8.54  8.51  8.49  8.46  8.44  8.41  8.39  8.36  8.34  8.31
 8.74  8.72  8.69  8.67  8.64  8.62  8.59  8.56  8.54  8.52  8.49  8.47  8.44  8.41  8.39  8.36  8.34  8.31
 8.74  8.72  8.69  8.67  8.64  8.62  8.59  8.57  8.54  8.52  8.49  8.47  8.44  8.42  8.39  8.37  8.34  8.32
 8.75  8.72  8.70  8.67  8.65  8.62  8.60  8.57  8.55  8.52  8.49  8.47  8.44  8.42  8.39  8.37  8.34  8.32
 8.75  8.72  8.70  8.67  8.65  8.62  8.60  8.57  8.55  8.52  8.50  8.47  8.45  8.42  8.40  8.37  8.35  8.32
 8.75  8.73  8.70  8.68  8.65  8.62  8.60  8.57  8.55  8.52  8.50  8.47  8.45  8.42  8.40  8.37  8.35  8.32
 8.75  8.73  8.70  8.68  8.65  8.63  8.60  8.58  8.55  8.53  8.50  8.48  8.45  8.43  8.40  8.38  8.35  8.33
 8.76  8.73  8.70  8.68  8.65  8.63  8.60  8.58  8.55  8.53  8.50  8.48  8.45  8.43  8.40  8.38  8.35  8.33
 8.76  8.73  8.71  8.68  8.66  8.63  8.61  8.58  8.56  8.53  8.51  8.48  8.46  8.43  8.41  8.38  8.36  8.33
 8.76  8.73  8.71  8.69  8.66  8.64  8.61  8.58  8.56  8.53  8.51  8.48  8.46  8.43  8.41  8.38  8.36  8.33
 8.76  8.74  8.71  8.69  8.66  8.64  8.61  8.59  8.56  8.54  8.51  8.49  8.46  8.44  8.41  8.39  8.36  8.34
 8.77  8.74  8.72  8.69  8.66  8.64  8.61  8.59  8.56  8.54  8.51  8.49  8.46  8.44  8.41  8.39  8.36  8.34
 6.15  6.14  6.13  6.12  6.12  6.11  6.10  6.09  6.08  6.07  6.06  6.05  6.05  6.04  6.03  6.02  6.01  6.00
 6.15  6.14  6.13  6.12  6.11  6.11  6.10  6.09  6.08  6.07  6.06  6.05  6.04  6.03  6.03  6.02  6.01  6.00
 6.15  6.14  6.13  6.12  6.11  6.10  6.09  6.09  6.08  6.07  6.06  6.05  6.04  6.03  6.02  6.01  6.01  6.00
 6.15  6.14  6.13  6.12  6.11  6.10  6.09  6.09  6.08  6.07  6.06  6.05  6.04  6.03  6.02  6.01  6.01  6.00
 6.15  6.14  6.13  6.12  6.11  6.10  6.09  6.08  6.07  6.07  6.06  6.05  6.04  6.03  6.02  6.01  6.00  5.99
 6.14  6.14  6.13  6.12  6.11  6.10  6.09  6.08  6.07  6.06  6.06  6.05  6.04  6.03  6.02  6.01  6.00  5.99
 6.14  6.13  6.12  6.12  6.11  6.10  6.09  6.08  6.07  6.06  6.05  6.05  6.04  6.03  6.02  6.01  6.00  5.99
 6.14  6.13  6.12  6.11  6.11  6.10  6.09  6.08  6.07  6.06  6.05  6.04  6.03  6.03  6.02  6.01  6.00  5.99
 6.14  6.13  6.12  6.11  6.11  6.10  6.09  6.08  6.07  6.06  6.05  6.04  6.03  6.03  6.02  6.01  6.00  5.99
 6.14  6.13  6.12  6.11  6.10  6.09  6.09  6.08  6.07  6.06  6.05  6.04  6.03  6.02  6.01  6.01  6.00  5.99
 6.14  6.13  6.12  6.11  6.10  6.09  6.08  6.07  6.07  6.06  6.05  6.04  6.03  6.02  6.01  6.00  6.00  5.99
 6.14  6.13  6.12  6.11  6.10  6.09  6.08  6.07  6.07  6.06  6.05  6.04  6.03  6.02  6.01  6.00  5.99  5.99
 6.13  6.13  6.12  6.11  6.10  6.09  6.08  6.07  6.06  6.05  6.05  6.04  6.03  6.02  6.01  6.00  5.99  5.98
 6.13  6.12  6.11  6.11  6.10  6.09  6.08  6.07  6.06  6.05  6.05  6.04  6.03  6.02  6.01  6.00  5.99  5.98
 6.13  6.12  6.11  6.11  6.10  6.09  6.08  6.07  6.06  6.05  6.04  6.03  6.03  6.02  6.01  6.00  5.99  5.98
 6.13  6.12  6.11  6.10  6.09  6.09  6.08  6.07  6.06  6.05  6.04  6.03  6.02  6.01  6.01  6.00  5.99  5.98
 6.13  6.12  6.11  6.10  6.09  6.09  6.08  6.07  6.06  6.05  6.04  6.03  6.02  6.01  6.01  6.00  5.99  5.98
 6.13  6.12  6.11  6.10  6.09  6.08  6.07  6.07  6.06  6.05  6.04  6.03  6.02  6.01  6.00  5.99  5.99  5.98
 6.13  6.12  6.11  6.10  6.09  6.08  6.07  6.06  6.05  6.05  6.04  6.03  6.02  6.01  6.00  5.99  5.99  5.98
 6.12  6.12  6.11  6.10  6.09  6.08  6.07  6.06  6.05  6.05  6.04  6.03  6.02  6.01  6.00  5.99  5.98  5.97
 6.12  6.11  6.11  6.10  6.09  6.08  6.07  6.06  6.05  6.04  6.03  6.03  6.02  6.01  6.00  5.99  5.98  5.97
 6.12  6.11  6.10  6.09  6.09  6.08  6.07  6.06  6.05  6.04  6.03  6.03  6.02  6.01  6.00  5.99  5.98  5.97
 6.12  6.11  6.10  6.09  6.09  6.08  6.07  6.06  6.05  6.04  6.03  6.02  6.01  6.01  6.00  5.99  5.98  5.97
 6.12  6.11  6.10  6.09  6.08  6.07  6.07  6.06  6.05  6.04  6.03  6.02  6.01  6.01  6.00  5.99  5.98  5.97
 6.12  6.11  6.10  6.09  6.08  6.07  6.07  6.06  6.05  6.04  6.03  6.02  6.01  6.00  5.99  5.99  5.98  5.97
 6.12  6.11  6.10  6.09  6.08  6.07  6.06  6.05  6.05  6.04  6.03  6.02  6.01  6.00  5.99  5.98  5.98  5.97
 6.11  6.11  6.10  6.09  6.08  6.07  6.06  6.05  6.04  6.04  6.03  6.02  6.01  6.00  5.99  5.98  5.97  5.97
 6.11  6.10  6.10  6.09  6.08  6.07  6.06  6.05  6.04  6.03  6.03  6.02  6.01  6.00  5.99  5.98  5.97  5.96
 6.11  6.10  6.09  6.09  6.08  6.07  6.06  6.05  6.04  6.03  6.02  6.01  6.01  6.00  5.99  5.98  5.97  5.96
 6.11  6.10  6.09  6.08  6.07  6.07  6.06  6.05  6.04  6.03  6.02  6.01  6.01  6.00  5.99  5.98  5.97  5.96
 6.11  6.10  6.09  6.08  6.07  6.07  6.06  6.05  6.04  6.03  6.02  6.01  6.00  5.99  5.99  5.98  5.97  5.96
 6.11  6.10  6.09  6.08  6.07  6.06  6.05  6.05  6.04  6.03  6.02  6.01  6.00  5.99  5.99  5.98  5.97  5.96
20180102.120000
 9.41  9.39  9.37  9.35  9.33  9.31  9.28  9.26  9.24  9.22  9.20  9.18  9.16  9.14  9.12  9.10  9.08  9.06
 9.41  9.39  9.37  9.35  9.33  9.31  9.29  9.27  9.25  9.23  9.21  9.19  9.17  9.15  9.13  9.11  9.09  9.06
 9.42  9.40  9.38  9.35  9.33  9.31  9.29  9.27  9.25  9.23  9.21  9.19  9.17  9.15  9.13  9.11  9.09  9.07
 9.42  9.40  9.38  9.36  9.34  9.32  9.30  9.28  9.26  9.24  9.22  9.20  9.18  9.15  9.14  9.11  9.09  9.07
 9.42  9.40  9.38  9.36  9.34  9.32  9.30  9.28  9.26  9.24  9.22  9.20  9.18  9.16  9.14  9.12  9.10  9.08
 9.43  9.41  9.39  9.37  9.35  9.33  9.31  9.29  9.27  9.24  9.22  9.20  9.18  9.16  9.14  9.12  9.10  9.08
 9.43  9.41  9.39  9.37  9.35  9.33  9.31  9.29  9.27  9.25  9.23  9.21  9.19  9.17  9.15  9.13  9.11  9.09
 9.44  9.42  9.40  9.38  9.35  9.34  9.31  9.29  9.27  9.25  9.23  9.21  9.19  9.17  9.15  9.13  9.11  9.09
 9.44  9.42  9.40  9.38  9.36  9.34  9.32  9.30  9.28  9.26  9.24  9.22  9.20  9.18  9.15  9.14  9.11  9.09
 9.45  9.43  9.40  9.38  9.36  9.34  9.32  9.30  9.28  9.26  9.24  9.22  9.20  9.18  9.16  9.14  9.12  9.10
 9.45  9.43  9.41  9.39  9.37  9.35  9.33  9.31  9.29  9.27  9.25  9.23  9.20  9.18  9.16  9.14  9.12  9.10
 9.45  9.43  9.41  9.39  9.37  9.35  9.33  9.31  9.29  9.27  9.25  9.23  9.21  9.19  9.17  9.15  9.13  9.11
 9.46  9.44  9.42  9.40  9.38  9.36  9.34  9.31  9.30  9.27  9.25  9.23  9.21  9.19  9.17  9.15  9.13  9.11
 9.46  9.44  9.42  9.40  9.38  9.36  9.34  9.32  9.30  9.28  9.26  9.24  9.22  9.20  9.18  9.16  9.14  9.11
 9.47  9.45  9.43  9.41  9.39  9.36  9.34  9.32  9.30  9.28  9.26  9.24  9.22  9.20  9.18  9.16  9.14  9.12
 9.47  9.45  9.43  9.41  9.39  9.37  9.35  9.33  9.31  9.29  9.27  9.25  9.23  9.20  9.19  9.16  9.14  9.12
 9.48  9.45  9.44  9.41  9.39  9.37  9.35  9.33  9.31  9.29  9.27  9.25  9.23  9.21  9.19  9.17  9.15  9.13
 9.48  9.46  9.44  9.42  9.40  9.38  9.36  9.34  9.32  9.30  9.27  9.26  9.23  9.21  9.19  9.17  9.15  9.13
 9.48  9.46  9.44  9.42  9.40  9.38  9.36  9.34  9.32  9.30  9.28  9.26  9.24  9.22  9.20  9.18  9.16  9.14
 9.49  9.47  9.45  9.43  9.41  9.39  9.36  9.35  9.32  9.30  9.28  9.26  9.24  9.22  9.20  9.18  9.16  9.14
 9.49  9.47  9.45  9.43  9.41  9.39  9.37  9.35  9.33  9.31  9.29  9.27  9.25  9.23  9.21  9.19  9.16  9.14
 9.50  9.48  9.46  9.44  9.41  9.39  9.37  9.35  9.33  9.31  9.29  9.27  9.25  9.23  9.21  9.19  9.17  9.15
 9.50  9.48  9.46  9.44  9.42  9.40  9.38  9.36  9.34  9.32  9.30  9.28  9.26  9.23  9.21  9.19  9.17  9.15
 9.51  9.48  9.47  9.44  9.42  9.40  9.38  9.36  9.34  9.32  9.30  9.28  9.26  9.24  9.22  9.20  9.18  9.16
 9.51  9.49  9.47  9.45  9.43  9.41  9.39  9.37  9.35  9.32  9.31  9.28  9.26  9.24  9.22  9.20  9.18  9.16
 9.51  9.49  9.47  9.45  9.43  9.41  9.39  9.37  9.35  9.33  9.31  9.29  9.27  9.25  9.23  9.21  9.19  9.16
 9.52  9.50  9.48  9.46  9.44  9.42  9.40  9.38  9.35  9.33  9.31  9.29  9.27  9.25  9.23  9.21  9.19  9.17
 9.52  9.50  9.48  9.46  9.44  9.42  9.40  9.38  9.36  9.34  9.32  9.30  9.28  9.26  9.23  9.22  9.19  9.17
 9.53  9.51  9.49  9.47  9.44  9.42  9.40  9.38  9.36  9.34  9.32  9.30  9.28  9.26  9.24  9.22  9.20  9.18
 9.53  9.51  9.49  9.47  9.45  9.43  9.41  9.39  9.37  9.35  9.33  9.31  9.28  9.26  9.24  9.22  9.20  9.18
 9.54  9.52  9.49  9.47  9.45  9.43  9.41  9.39  9.37  9.35  9.33  9.31  9.29  9.27  9.25  9.23  9.21  9.19
 9.54  9.52  9.50  9.48  9.46  9.44  9.42  9.40  9.38  9.35  9.33  9.31  9.29  9.27  9.25  9.23  9.21  9.19
 4.88  4.88  4.87  4.86  4.86  4.85  4.84  4.84  4.83  4.82  4.82  4.81  4.80  4.80  4.79  4.78  4.78  4.77
 4.88  4.88  4.87  4.86  4.86  4.85  4.84  4.84  4.83  4.82  4.82  4.81  4.80  4.80  4.79  4.78  4.78  4.77
 4.88  4.87  4.87  4.86  4.86  4.85  4.84  4.84  4.83  4.82  4.82  4.81  4.80  4.80  4.79  4.78  4.78  4.77
 4.88  4.87  4.87  4.86  4.85  4.85  4.84  4.84  4.83  4.82  4.82  4.81  4.80  4.80  4.79  4.78  4.78  4.77
 4.88  4.87  4.87  4.86  4.85  4.85  4.84  4.84  4.83  4.82  4.82  4.81  4.80  4.80  4.79  4.78  4.78  4.77
 4.88  4.87  4.87  4.86  4.85  4.85  4.84  4.83  4.83  4.82  4.81  4.81  4.80  4.80  4.79  4.78  4.78  4.77
 4.88  4.87  4.87  4.86  4.85  4.85  4.84  4.83  4.83  4.82  4.81  4.81  4.80  4.79  4.79  4.78  4.78  4.77
 4.88  4.87  4.87  4.86  4.85  4.85  4.84  4.83  4.83  4.82  4.81  4.81  4.80  4.79  4.79  4.78  4.77  4.77
 4.88  4.87  4.86  4.86  4.85  4.85  4.84  4.83  4.83  4.82  4.81  4.81  4.80  4.79  4.79  4.78  4.77  4.77
 4.88  4.87  4.86  4.86  4.85  4.84  4.84  4.83  4.83  4.82  4.81  4.81  4.80  4.79  4.79  4.78  4.77  4.77
 4.88  4.87  4.86  4.86  4.85  4.84  4.84  4.83  4.82  4.82  4.81  4.81  4.80  4.79  4.79  4.78  4.77  4.77
 4.88  4.87  4.86  4.86  4.85  4.84  4.84  4.83  4.82  4.82  4.81  4.80  4.80  4.79  4.79  4.78  4.77  4.77
 4.88  4.87  4.86  4.86  4.85  4.84  4.84  4.83  4.82  4.82  4.81  4.80  4.80  4.79  4.78  4.78  4.77  4.76
 4.88  4.87  4.86  4.86  4.85  4.84  4.84  4.83  4.82  4.82  4.81  4.80  4.80  4.79  4.78  4.78  4.77  4.76
 4.88  4.87  4.86  4.86  4.85  4.84  4.84  4.83  4.82  4.82  4.81  4.80  4.80  4.79  4.78  4.78  4.77  4.76
 4.88  4.87  4.86  4.86  4.85  4.84  4.84  4.83  4.82  4.82  4.81  4.80  4.80  4.79  4.78  4.78  4.77  4.76
 4.88  4.87  4.86  4.86  4.85  4.84  4.84  4.83  4.82  4.82  4.81  4.80  4.80  4.79  4.78  4.78  4.77  4.76
 4.88  4.87  4.86  4.86  4.85  4.84  4.84  4.83  4.82  4.82  4.81  4.80  4.80  4.79  4.78  4.78  4.77  4.76
 4.87  4.87  4.86  4.85  4.85  4.84  4.84  4.83  4.82  4.82  4.81  4.80  4.80  4.79  4.78  4.78  4.77  4.76
 4.87  4.87  4.86  4.85  4.85  4.84  4.83  4.83  4.82  4.82  4.81  4.80  4.80  4.79  4.78  4.78  4.77  4.76
 4.87  4.87  4.86  4.85  4.85  4.84  4.83  4.83  4.82  4.81  4.81  4.80  4.79  4.79  4.78  4.78  4.77  4.76
 4.87  4.87  4.86  4.85  4.85  4.84  4.83  4.83  4.82  4.81  4.81  4.80  4.79  4.79  4.78  4.77  4.77  4.76
 4.87  4.87  4.86  4.85  4.85  4.84  4.83  4.83  4.82  4.81  4.81  4.80  4.79  4.79  4.78  4.77  4.77  4.76
 4.87  4.86  4.86  4.85  4.85  4.84  4.83  4.83  4.82  4.81  4.81  4.80  4.79  4.79  4.78  4.77  4.77  4.76
 4.87  4.86  4.86  4.85  4.84  4.84  4.83  4.83  4.82  4.81  4.81  4.80  4.79  4.79  4.78  4.77  4.77  4.76
 4.87  4.86  4.86  4.85  4.84  4.84  4.83  4.82  4.82  4.81  4.80  4.80  4.79  4.78  4.78  4.77  4.77  4.76
 4.87  4.86  4.86  4.85  4.84  4.84  4.83  4.82  4.82  4.81  4.80  4.80  4.79  4.78  4.78  4.77  4.76  4.76
 4.87  4.86  4.86  4.85  4.84  4.84  4.83  4.82  4.82  4.81  4.80  4.80  4.79  4.78  4.78  4.77  4.76  4.76
 4.87  4.86  4.86  4.85  4.84  4.84  4.83  4.82  4.82  4.81  4.80  4.80  4.79  4.78  4.78  4.77  4.76  4.76
 4.87  4.86  4.86  4.85  4.84  4.84  4.83  4.82  4.82  4.81  4.80  4.80  4.79  4.78  4.78  4.77  4.76  4.76
 4.87  4.86  4.86  4.85  4.84  4.84  4.83  4.82  4.82  4.81  4.80  4.80  4.79  4.78  4.78  4.77  4.76  4.76
 4.87  4.86  4.86  4.85  4.84  4.84  4.83  4.82  4.82  4.81  4.80  4.80  4.79  4.78  4.78  4.77  4.76  4.76
20180102.180000
 8.03  8.02  8.01  7.99  7.98  7.96  7.95  7.94  7.92  7.91  7.90  7.88  7.87  7.86  7.84  7.83  7.81  7.80
 8.03  8.02  8.01  7.99  7.98  7.97  7.95  7.94  7.93  7.91  7.90  7.88  7.87  7.86  7.84  7.83  7.82  7.80
 8.04  8.02  8.01  7.99  7.98  7.97  7.95  7.94  7.93  7.91  7.90  7.89  7.87  7.86  7.84  7.83  7.82  7.80
 8.04  8.02  8.01  8.00  7.98  7.97  7.96  7.94  7.93  7.91  7.90  7.89  7.87  7.86  7.85  7.83  7.82  7.81
 8.04  8.03  8.01  8.00  7.99  7.97  7.96  7.94  7.93  7.92  7.90  7.89  7.88  7.86  7.85  7.84  7.82  7.81
 8.04  8.03  8.01  8.00  7.99  7.97  7.96  7.95  7.93  7.92  7.91  7.89  7.88  7.86  7.85  7.84  7.82  7.81
 8.04  8.03  8.02  8.00  7.99  7.97  7.96  7.95  7.93  7.92  7.91  7.89  7.88  7.87  7.85  7.84  7.82  7.81
 8.05  8.03  8.02  8.00  7.99  7.98  7.96  7.95  7.94  7.92  7.91  7.89  7.88  7.87  7.85  7.84  7.83  7.81
 8.05  8.03  8.02  8.01  7.99  7.98  7.97  7.95  7.94  7.92  7.91  7.90  7.88  7.87  7.86  7.84  7.83  7.82
 8.05  8.03  8.02  8.01  7.99  7.98  7.97  7.95  7.94  7.93  7.91  7.90  7.89  7.87  7.86  7.84  7.83  7.82
 8.05  8.04  8.02  8.01  8.00  7.98  7.97  7.95  7.94  7.93  7.91  7.90  7.89  7.87  7.86  7.85  7.83  7.82
 8.05  8.04  8.02  8.01  8.00  7.98  7.97  7.96  7.94  7.93  7.92  7.90  7.89  7.88  7.86  7.85  7.83  7.82
 8.05  8.04  8.03  8.01  8.00  7.99  7.97  7.96  7.95  7.93  7.92  7.90  7.89  7.88  7.86  7.85  7.84  7.82
 8.06  8.04  8.03  8.02  8.00  7.99  7.97  7.96  7.95  7.93  7.92  7.91  7.89  7.88  7.86  7.85  7.84  7.82
 8.06  8.04  8.03  8.02  8.00  7.99  7.98  7.96  7.95  7.93  7.92  7.91  7.89  7.88  7.87  7.85  7.84  7.83
 8.06  8.05  8.03  8.02  8.01  7.99  7.98  7.97  7.95  7.94  7.92  7.91  7.90  7.88  7.87  7.86  7.84  7.83
 8.06  8.05  8.03  8.02  8.01  7.99  7.98  7.97  7.95  7.94  7.93  7.91  7.90  7.89  7.87  7.86  7.84  7.83
 8.06  8.05  8.04  8.02  8.01  7.99  7.98  7.97  7.95  7.94  7.93  7.91  7.90  7.89  7.87  7.86  7.85  7.83
 8.06  8.05  8.04  8.02  8.01  8.00  7.98  7.97  7.96  7.94  7.93  7.92  7.90  7.89  7.88  7.86  7.85  7.83
 8.07  8.05  8.04  8.03  8.01  8.00  7.99  7.97  7.96  7.95  7.93  7.92  7.90  7.89  7.88  7.86  7.85  7.84
 8.07  8.06  8.04  8.03  8.02  8.00  7.99  7.97  7.96  7.95  7.93  7.92  7.91  7.89  7.88  7.86  7.85  7.84
 8.07  8.06  8.04  8.03  8.02  8.00  7.99  7.98  7.96  7.95  7.93  7.92  7.91  7.89  7.88  7.87  7.85  7.84
 8.07  8.06  8.05  8.03  8.02  8.01  7.99  7.98  7.96  7.95  7.94  7.92  7.91  7.90  7.88  7.87  7.86  7.84
 8.07  8.06  8.05  8.03  8.02  8.01  7.99  7.98  7.97  7.95  7.94  7.93  7.91  7.90  7.88  7.87  7.86  7.84
 8.08  8.06  8.05  8.04  8.02  8.01  7.99  7.98  7.97  7.95  7.94  7.93  7.91  7.90  7.89  7.87  7.86  7.84
 8.08  8.06  8.05  8.04  8.02  8.01  8.00  7.98  7.97  7.96  7.94  7.93  7.91  7.90  7.89  7.87  7.86  7.85
 8.08  8.07  8.05  8.04  8.03  8.01  8.00  7.99  7.97  7.96  7.94  7.93  7.92  7.90  7.89  7.88  7.86  7.85
 8.08  8.07  8.06  8.04  8.03  8.01  8.00  7.99  7.97  7.96  7.95  7.93  7.92  7.91  7.89  7.88  7.86  7.85
 8.08  8.07  8.06  8.04  8.03  8.02  8.00  7.99  7.97  7.96  7.95  7.93  7.92  7.91  7.89  7.88  7.87  7.85
 8.09  8.07  8.06  8.05  8.03  8.02  8.00  7.99  7.98  7.96  7.95  7.94  7.92  7.91  7.89  7.88  7.87  7.85
 8.09  8.07  8.06  8.05  8.03  8.02  8.01  7.99  7.98  7.97  7.95  7.94  7.92  7.91  7.90  7.88  7.87  7.86
 8.09  8.08  8.06  8.05  8.03  8.02  8.01  7.99  7.98  7.97  7.95  7.94  7.93  7.91  7.90  7.89  7.87  7.86
 4.60  4.59  4.59  4.58  4.58  4.57  4.56  4.56  4.55  4.55  4.54  4.53  4.53  4.52  4.52  4.51  4.51  4.50
 4.59  4.59  4.58  4.58  4.57  4.57  4.56  4.55  4.55  4.54  4.54  4.53  4.53  4.52  4.51  4.51  4.50  4.50
 4.59  4.59  4.58  4.57  4.57  4.56  4.56  4.55  4.55  4.54  4.53  4.53  4.52  4.52  4.51  4.50  4.50  4.49
 4.59  4.58  4.58  4.57  4.57  4.56  4.55  4.55  4.54  4.54  4.53  4.52  4.52  4.51  4.51  4.50  4.49  4.49
 4.58  4.58  4.57  4.57  4.56  4.55  4.55  4.54  4.54  4.53  4.53  4.52  4.51  4.51  4.50  4.50  4.49  4.49
 4.58  4.57  4.57  4.56  4.56  4.55  4.55  4.54  4.53  4.53  4.52  4.52  4.51  4.51  4.50  4.49  4.49  4.48
 4.58  4.57  4.57  4.56  4.55  4.55  4.54  4.54  4.53  4.53  4.52  4.51  4.51  4.50  4.50  4.49  4.49  4.48
 4.57  4.57  4.56  4.56  4.55  4.55  4.54  4.53  4.53  4.52  4.52  4.51  4.51  4.50  4.49  4.49  4.48  4.48
 4.57  4.56  4.56  4.55  4.55  4.54  4.53  4.53  4.52  4.52  4.51  4.51  4.50  4.49  4.49  4.48  4.48  4.47
 4.57  4.56  4.55  4.55  4.54  4.54  4.53  4.53  4.52  4.51  4.51  4.50  4.50  4.49  4.49  4.48  4.47  4.47
 4.56  4.56  4.55  4.55  4.54  4.53  4.53  4.52  4.52  4.51  4.51  4.50  4.49  4.49  4.48  4.48  4.47  4.47
 4.56  4.55  4.55  4.54  4.54  4.53  4.53  4.52  4.51  4.51  4.50  4.50  4.49  4.49  4.48  4.47  4.47  4.46
 4.55  4.55  4.54  4.54  4.53  4.53  4.52  4.51  4.51  4.50  4.50  4.49  4.49  4.48  4.48  4.47  4.47  4.46
 4.55  4.55  4.54  4.53  4.53  4.52  4.52  4.51  4.51  4.50  4.49  4.49  4.48  4.48  4.47  4.47  4.46  4.46
 4.55  4.54  4.54  4.53  4.53  4.52  4.51  4.51  4.50  4.50  4.49  4.49  4.48  4.47  4.47  4.46  4.46  4.45
 4.54  4.54  4.53  4.53  4.52  4.52  4.51  4.51  4.50  4.49  4.49  4.48  4.48  4.47  4.47  4.46  4.45  4.45
 4.54  4.53  4.53  4.52  4.52  4.51  4.51  4.50  4.50  4.49  4.48  4.48  4.47  4.47  4.46  4.46  4.45  4.45
 4.54  4.53  4.53  4.52  4.51  4.51  4.50  4.50  4.49  4.49  4.48  4.47  4.47  4.46  4.46  4.45  4.45  4.44
 4.53  4.53  4.52  4.52  4.51  4.51  4.50  4.49  4.49  4.48  4.48  4.47  4.47  4.46  4.45  4.45  4.44  4.44
 4.53  4.52  4.52  4.51  4.51  4.50  4.50  4.49  4.49  4.48  4.47  4.47  4.46  4.46  4.45  4.45  4.44  4.43
 4.53  4.52  4.51  4.51  4.50  4.50  4.49  4.49  4.48  4.48  4.47  4.47  4.46  4.45  4.45  4.44  4.44  4.43
 4.52  4.52  4.51  4.51  4.50  4.49  4.49  4.48  4.48  4.47  4.47  4.46  4.46  4.45  4.45  4.44  4.43  4.43
 4.52  4.51  4.51  4.50  4.50  4.49  4.49  4.48  4.47  4.47  4.46  4.46  4.45  4.45  4.44  4.44  4.43  4.43
 4.51  4.51  4.50  4.50  4.49  4.49  4.48  4.48  4.47  4.47  4.46  4.45  4.45  4.44  4.44  4.43  4.43  4.42
 4.51  4.51  4.50  4.49  4.49  4.48  4.48  4.47  4.47  4.46  4.46  4.45  4.45  4.44  4.43  4.43  4.42  4.42
 4.51  4.50  4.50  4.49  4.49  4.48  4.47  4.47  4.46  4.46  4.45  4.45  4.44  4.44  4.43  4.43  4.42  4.41
 4.50  4.50  4.49  4.49  4.48  4.48  4.47  4.47  4.46  4.45  4.45  4.44  4.44  4.43  4.43  4.42  4.42  4.41
 4.50  4.49  4.49  4.48  4.48  4.47  4.47  4.46  4.46  4.45  4.45  4.44  4.43  4.43  4.42  4.42  4.41  4.41
 4.50  4.49  4.49  4.48  4.47  4.47  4.46  4.46  4.45  4.45  4.44  4.44  4.43  4.43  4.42  4.42  4.41  4.41
 4.49  4.49  4.48  4.48  4.47  4.47  4.46  4.45  4.45  4.44  4.44  4.43  4.43  4.42  4.42  4.41  4.41  4.40
 4.49  4.48  4.48  4.47  4.47  4.46  4.46  4.45  4.45  4.44  4.43  4.43  4.43  4.42  4.41  4.41  4.40  4.40
 4.49  4.48  4.47  4.47  4.46  4.46  4.45  4.45  4.44  4.44  4.43  4.43  4.42  4.42  4.41  4.41  4.40  4.39
20180103.000000
 4.65  4.64  4.63  4.62  4.62  4.61  4.60  4.59  4.58  4.58  4.57  4.56  4.55  4.55  4.54  4.53  4.52  4.51
 4.65  4.64  4.63  4.63  4.62  4.61  4.60  4.59  4.59  4.58  4.57  4.56  4.56  4.55  4.54  4.53  4.52  4.52
 4.65  4.64  4.64  4.63  4.62  4.61  4.61  4.60  4.59  4.58  4.57  4.57  4.56  4.55  4.54  4.53  4.53  4.52
 4.66  4.65  4.64  4.63  4.62  4.62  4.61  4.60  4.59  4.58  4.58  4.57  4.56  4.55  4.55  4.54  4.53  4.52
 4.66  4.65  4.64  4.63  4.63  4.62  4.61  4.60  4.59  4.59  4.58  4.57  4.56  4.56  4.55  4.54  4.53  4.52
 4.66  4.65  4.64  4.64  4.63  4.62  4.61  4.61  4.60  4.59  4.58  4.57  4.57  4.56  4.55  4.54  4.53  4.53
 4.66  4.66  4.65  4.64  4.63  4.62  4.62  4.61  4.60  4.59  4.58  4.58  4.57  4.56  4.55  4.55  4.54  4.53
 4.66  4.66  4.65  4.64  4.63  4.63  4.62  4.61  4.60  4.59  4.59  4.58  4.57  4.56  4.56  4.55  4.54  4.53
 4.67  4.66  4.65  4.64  4.64  4.63  4.62  4.61  4.61  4.60  4.59  4.58  4.57  4.57  4.56  4.55  4.54  4.53
 4.67  4.66  4.65  4.65  4.64  4.63  4.62  4.61  4.61  4.60  4.59  4.58  4.58  4.57  4.56  4.55  4.55  4.54
 4.67  4.66  4.66  4.65  4.64  4.63  4.63  4.62  4.61  4.60  4.59  4.59  4.58  4.57  4.56  4.56  4.55  4.54
 4.68  4.67  4.66  4.65  4.64  4.64  4.63  4.62  4.61  4.61  4.60  4.59  4.58  4.57  4.57  4.56  4.55  4.54
 4.68  4.67  4.66  4.65  4.65  4.64  4.63  4.62  4.61  4.61  4.60  4.59  4.58  4.58  4.57  4.56  4.55  4.55
 4.68  4.67  4.66  4.66  4.65  4.64  4.63  4.63  4.62  4.61  4.60  4.59  4.59  4.58  4.57  4.56  4.56  4.55
 4.68  4.68  4.67  4.66  4.65  4.64  4.64  4.63  4.62  4.61  4.61  4.60  4.59  4.58  4.57  4.57  4.56  4.55
 4.68  4.68  4.67  4.66  4.65  4.65  4.64  4.63  4.62  4.61  4.61  4.60  4.59  4.58  4.58  4.57  4.56  4.55
 4.69  4.68  4.67  4.66  4.66  4.65  4.64  4.63  4.63  4.62  4.61  4.60  4.59  4.59  4.58  4.57  4.56  4.56
 4.69  4.68  4.68  4.67  4.66  4.65  4.64  4.64  4.63  4.62  4.61  4.61  4.60  4.59  4.58  4.57  4.57  4.56
 4.69  4.68  4.68  4.67  4.66  4.65  4.65  4.64  4.63  4.62  4.61  4.61  4.60  4.59  4.58  4.58  4.57  4.56
 4.70  4.69  4.68  4.67  4.66  4.66  4.65  4.64  4.63  4.63  4.62  4.61  4.60  4.59  4.59  4.58  4.57  4.56
 4.70  4.69  4.68  4.68  4.67  4.66  4.65  4.64  4.64  4.63  4.62  4.61  4.61  4.60  4.59  4.58  4.57  4.57
 4.70  4.69  4.68  4.68  4.67  4.66  4.65  4.65  4.64  4.63  4.62  4.61  4.61  4.60  4.59  4.58  4.58  4.57
 4.70  4.70  4.69  4.68  4.67  4.66  4.66  4.65  4.64  4.63  4.63  4.62  4.61  4.60  4.59  4.59  4.58  4.57
 4.71  4.70  4.69  4.68  4.68  4.67  4.66  4.65  4.64  4.64  4.63  4.62  4.61  4.61  4.60  4.59  4.58  4.57
 4.71  4.70  4.69  4.68  4.68  4.67  4.66  4.65  4.65  4.64  4.63  4.62  4.61  4.61  4.60  4.59  4.58  4.58
 4.71  4.70  4.70  4.69  4.68  4.67  4.66  4.66  4.65  4.64  4.63  4.63  4.62  4.61  4.60  4.59  4.59  4.58
 4.71  4.70  4.70  4.69  4.68  4.68  4.67  4.66  4.65  4.64  4.64  4.63  4.62  4.61  4.61  4.60  4.59  4.58
 4.72  4.71  4.70  4.69  4.68  4.68  4.67  4.66  4.65  4.65  4.64  4.63  4.62  4.61  4.61  4.60  4.59  4.59
 4.72  4.71  4.70  4.70  4.69  4.68  4.67  4.66  4.66  4.65  4.64  4.63  4.63  4.62  4.61  4.60  4.59  4.59
 4.72  4.71  4.70  4.70  4.69  4.68  4.68  4.67  4.66  4.65  4.64  4.64  4.63  4.62  4.61  4.61  4.60  4.59
 4.72  4.72  4.71  4.70  4.69  4.68  4.68  4.67  4.66  4.65  4.65  4.64  4.63  4.62  4.62  4.61  4.60  4.59
 4.73  4.72  4.71  4.70  4.70  4.69  4.68  4.67  4.66  4.66  4.65  4.64  4.63  4.63  4.62  4.61  4.60  4.59
 3.43  3.43  3.42  3.41  3.40  3.39  3.38  3.37  3.36  3.36  3.35  3.34  3.33  3.32  3.31  3.30  3.29  3.28
 3.43  3.42  3.41  3.41  3.40  3.39  3.38  3.37  3.36  3.35  3.34  3.33  3.33  3.32  3.31  3.30  3.29  3.28
 3.43  3.42  3.41  3.40  3.39  3.38  3.38  3.37  3.36  3.35  3.34  3.33  3.32  3.31  3.31  3.30  3.29  3.28
 3.43  3.42  3.41  3.40  3.39  3.38  3.37  3.37  3.36  3.35  3.34  3.33  3.32  3.31  3.30  3.29  3.29  3.28
 3.42  3.41  3.41  3.40  3.39  3.38  3.37  3.36  3.35  3.34  3.34  3.33  3.32  3.31  3.30  3.29  3.28  3.27
 3.42  3.41  3.40  3.39  3.39  3.38  3.37  3.36  3.35  3.34  3.33  3.32  3.32  3.31  3.30  3.29  3.28  3.27
 3.42  3.41  3.40  3.39  3.38  3.37  3.37  3.36  3.35  3.34  3.33  3.32  3.31  3.30  3.29  3.29  3.28  3.27
 3.42  3.41  3.40  3.39  3.38  3.37  3.36  3.35  3.35  3.34  3.33  3.32  3.31  3.30  3.29  3.28  3.27  3.27
 3.41  3.40  3.39  3.39  3.38  3.37  3.36  3.35  3.34  3.33  3.33  3.32  3.31  3.30  3.29  3.28  3.27  3.26
 3.41  3.40  3.39  3.38  3.38  3.37  3.36  3.35  3.34  3.33  3.32  3.31  3.30  3.30  3.29  3.28  3.27  3.26
 3.41  3.40  3.39  3.38  3.37  3.36  3.36  3.35  3.34  3.33  3.32  3.31  3.30  3.29  3.28  3.28  3.27  3.26
 3.40  3.40  3.39  3.38  3.37  3.36  3.35  3.34  3.33  3.33  3.32  3.31  3.30  3.29  3.28  3.27  3.26  3.26
 3.40  3.39  3.38  3.38  3.37  3.36  3.35  3.34  3.33  3.32  3.31  3.31  3.30  3.29  3.28  3.27  3.26  3.25
 3.40  3.39  3.38  3.37  3.36  3.36  3.35  3.34  3.33  3.32  3.31  3.30  3.29  3.29  3.28  3.27  3.26  3.25
 3.40  3.39  3.38  3.37  3.36  3.35  3.34  3.34  3.33  3.32  3.31  3.30  3.29  3.28  3.27  3.26  3.26  3.25
 3.39  3.38  3.38  3.37  3.36  3.35  3.34  3.33  3.32  3.32  3.31  3.30  3.29  3.28  3.27  3.26  3.25  3.24
 3.39  3.38  3.37  3.37  3.36  3.35  3.34  3.33  3.32  3.31  3.30  3.29  3.29  3.28  3.27  3.26  3.25  3.24
 3.39  3.38  3.37  3.36  3.35  3.34  3.34  3.33  3.32  3.31  3.30  3.29  3.28  3.27  3.27  3.26  3.25  3.24
 3.39  3.38  3.37  3.36  3.35  3.34  3.33  3.32  3.32  3.31  3.30  3.29  3.28  3.27  3.26  3.25  3.24  3.24
 3.38  3.37  3.37  3.36  3.35  3.34  3.33  3.32  3.31  3.30  3.30  3.29  3.28  3.27  3.26  3.25  3.24  3.23
 3.38  3.37  3.36  3.35  3.35  3.34  3.33  3.32  3.31  3.30  3.29  3.28  3.28  3.27  3.26  3.25  3.24  3.23
 3.38  3.37  3.36  3.35  3.34  3.33  3.33  3.32  3.31  3.30  3.29  3.28  3.27  3.26  3.26  3.25  3.24  3.23
 3.38  3.37  3.36  3.35  3.34  3.33  3.32  3.31  3.31  3.30  3.29  3.28  3.27  3.26  3.25  3.24  3.23  3.23
 3.37  3.36  3.36  3.35  3.34  3.33  3.32  3.31  3.30  3.29  3.28  3.28  3.27  3.26  3.25  3.24  3.23  3.22
 3.37  3.36  3.35  3.34  3.33  3.33  3.32  3.31  3.30  3.29  3.28  3.27  3.26  3.26  3.25  3.24  3.23  3.22
 3.37  3.36  3.35  3.34  3.33  3.32  3.31  3.31  3.30  3.29  3.28  3.27  3.26  3.25  3.24  3.23  3.23  3.22
 3.36  3.36  3.35  3.34  3.33  3.32  3.31  3.30  3.29  3.29  3.28  3.27  3.26  3.25  3.24  3.23  3.22  3.21
 3.36  3.35  3.34  3.34  3.33  3.32  3.31  3.30  3.29  3.28  3.27  3.27  3.26  3.25  3.24  3.23  3.22  3.21
 3.36  3.35  3.34  3.33  3.32  3.32  3.31  3.30  3.29  3.28  3.27  3.26  3.25  3.24  3.24  3.23  3.22  3.21
 3.36  3.35  3.34  3.33  3.32  3.31  3.30  3.30  3.29  3.28  3.27  3.26  3.25  3.24  3.23  3.22  3.22  3.21
 3.35  3.34  3.34  3.33  3.32  3.31  3.30  3.29  3.28  3.27  3.27  3.26  3.25  3.24  3.23  3.22  3.21  3.20
 3.35  3.34  3.33  3.32  3.32  3.31  3.30  3.29  3.28  3.27  3.26  3.25  3.25  3.24  3.23  3.22  3.21  3.20
20180103.060000
-0.18 -0.18 -0.18 -0.18 -0.18 -0.18 -0.19 -0.19 -0.19 -0.19 -0.19 -0.19 -0.19 -0.20 -0.20 -0.20 -0.20 -0.20
-0.17 -0.18 -0.18 -0.18 -0.18 -0.18 -0.18 -0.19 -0.19 -0.19 -0.19 -0.19 -0.19 -0.19 -0.19 -0.20 -0.20 -0.20
-0.17 -0.17 -0.17 -0.18 -0.18 -0.18 -0.18 -0.18 -0.18 -0.19 -0.19 -0.19 -0.19 -0.19 -0.19 -0.19 -0.19 -0.20
-0.17 -0.17 -0.17 -0.17 -0.18 -0.18 -0.18 -0.18 -0.18 -0.18 -0.18 -0.19 -0.19 -0.19 -0.19 -0.19 -0.19 -0.19
-0.17 -0.17 -0.17 -0.17 -0.17 -0.17 -0.18 -0.18 -0.18 -0.18 -0.18 -0.18 -0.19 -0.19 -0.19 -0.19 -0.19 -0.19
-0.17 -0.17 -0.17 -0.17 -0.17 -0.17 -0.17 -0.17 -0.18 -0.18 -0.18 -0.18 -0.18 -0.18 -0.19 -0.19 -0.19 -0.19
-0.16 -0.17 -0.17 -0.17 -0.17 -0.17 -0.17 -0.17 -0.17 -0.18 -0.18 -0.18 -0.18 -0.18 -0.18 -0.18 -0.19 -0.19
-0.16 -0.16 -0.16 -0.17 -0.17 -0.17 -0.17 -0.17 -0.17 -0.17 -0.17 -0.18 -0.18 -0.18 -0.18 -0.18 -0.18 -0.19
-0.16 -0.16 -0.16 -0.16 -0.16 -0.17 -0.17 -0.17 -0.17 -0.17 -0.17 -0.17 -0.17 -0.18 -0.18 -0.18 -0.18 -0.18
-0.16 -0.16 -0.16 -0.16 -0.16 -0.16 -0.16 -0.17 -0.17 -0.17 -0.17 -0.17 -0.17 -0.17 -0.18 -0.18 -0.18 -0.18
-0.15 -0.16 -0.16 -0.16 -0.16 -0.16 -0.16 -0.16 -0.17 -0.17 -0.17 -0.17 -0.17 -0.17 -0.17 -0.17 -0.18 -0.18
-0.15 -0.15 -0.15 -0.16 -0.16 -0.16 -0.16 -0.16 -0.16 -0.16 -0.17 -0.17 -0.17 -0.17 -0.17 -0.17 -0.17 -0.17
-0.15 -0.15 -0.15 -0.15 -0.16 -0.16 -0.16 -0.16 -0.16 -0.16 -0.16 -0.16 -0.17 -0.17 -0.17 -0.17 -0.17 -0.17
-0.15 -0.15 -0.15 -0.15 -0.15 -0.15 -0.16 -0.16 -0.16 -0.16 -0.16 -0.16 -0.16 -0.17 -0.17 -0.17 -0.17 -0.17
-0.14 -0.15 -0.15 -0.15 -0.15 -0.15 -0.15 -0.15 -0.16 -0.16 -0.16 -0.16 -0.16 -0.16 -0.16 -0.17 -0.17 -0.17
-0.14 -0.14 -0.14 -0.15 -0.15 -0.15 -0.15 -0.15 -0.15 -0.15 -0.16 -0.16 -0.16 -0.16 -0.16 -0.16 -0.16 -0.17
-0.14 -0.14 -0.14 -0.14 -0.14 -0.15 -0.15 -0.15 -0.15 -0.15 -0.15 -0.16 -0.16 -0.16 -0.16 -0.16 -0.16 -0.16
-0.14 -0.14 -0.14 -0.14 -0.14 -0.14 -0.14 -0.15 -0.15 -0.15 -0.15 -0.15 -0.15 -0.16 -0.16 -0.16 -0.16 -0.16
-0.14 -0.14 -0.14 -0.14 -0.14 -0.14 -0.14 -0.14 -0.15 -0.15 -0.15 -0.15 -0.15 -0.15 -0.15 -0.16 -0.16 -0.16
-0.13 -0.13 -0.14 -0.14 -0.14 -0.14 -0.14 -0.14 -0.14 -0.14 -0.15 -0.15 -0.15 -0.15 -0.15 -0.15 -0.16 -0.16
-0.13 -0.13 -0.13 -0.13 -0.14 -0.14 -0.14 -0.14 -0.14 -0.14 -0.14 -0.14 -0.15 -0.15 -0.15 -0.15 -0.15 -0.15
-0.13 -0.13 -0.13 -0.13 -0.13 -0.14 -0.14 -0.14 -0.14 -0.14 -0.14 -0.14 -0.14 -0.15 -0.15 -0.15 -0.15 -0.15
-0.12 -0.13 -0.13 -0.13 -0.13 -0.13 -0.13 -0.14 -0.14 -0.14 -0.14 -0.14 -0.14 -0.14 -0.14 -0.15 -0.15 -0.15
-0.12 -0.12 -0.13 -0.13 -0.13 -0.13 -0.13 -0.13 -0.13 -0.14 -0.14 -0.14 -0.14 -0.14 -0.14 -0.14 -0.14 -0.15
-0.12 -0.12 -0.12 -0.12 -0.13 -0.13 -0.13 -0.13 -0.13 -0.13 -0.13 -0.14 -0.14 -0.14 -0.14 -0.14 -0.14 -0.14
-0.12 -0.12 -0.12 -0.12 -0.12 -0.12 -0.13 -0.13 -0.13 -0.13 -0.13 -0.13 -0.14 -0.14 -0.14 -0.14 -0.14 -0.14
-0.12 -0.12 -0.12 -0.12 -0.12 -0.12 -0.12 -0.13 -0.13 -0.13 -0.13 -0.13 -0.13 -0.13 -0.14 -0.14 -0.14 -0.14
-0.11 -0.12 -0.12 -0.12 -0.12 -0.12 -0.12 -0.12 -0.12 -0.13 -0.13 -0.13 -0.13 -0.13 -0.13 -0.13 -0.14 -0.14
-0.11 -0.11 -0.11 -0.12 -0.12 -0.12 -0.12 -0.12 -0.12 -0.12 -0.12 -0.13 -0.13 -0.13 -0.13 -0.13 -0.13 -0.14
-0.11 -0.11 -0.11 -0.11 -0.11 -0.12 -0.12 -0.12 -0.12 -0.12 -0.12 -0.12 -0.12 -0.13 -0.13 -0.13 -0.13 -0.13
-0.11 -0.11 -0.11 -0.11 -0.11 -0.11 -0.12 -0.12 -0.12 -0.12 -0.12 -0.12 -0.12 -0.12 -0.13 -0.13 -0.13 -0.13
-0.10 -0.10 -0.11 -0.11 -0.11 -0.11 -0.11 -0.11 -0.12 -0.12 -0.12 -0.12 -0.12 -0.12 -0.12 -0.12 -0.13 -0.13
 7.67  7.64  7.62  7.60  7.58  7.56  7.54  7.52  7.50  7.48  7.46  7.44  7.42  7.40  7.38  7.36  7.34  7.32
 7.67  7.65  7.63  7.61  7.59  7.57  7.55  7.52  7.50  7.48  7.46  7.44  7.42  7.40  7.38  7.36  7.34  7.32
 7.67  7.65  7.63  7.61  7.59  7.57  7.55  7.53  7.51  7.49  7.47  7.45  7.42  7.40  7.38  7.36  7.34  7.32
 7.67  7.65  7.63  7.61  7.59  7.57  7.55  7.53  7.51  7.49  7.47  7.45  7.43  7.41  7.39  7.36  7.34  7.32
 7.68  7.65  7.63  7.61  7.59  7.57  7.55  7.53  7.51  7.49  7.47  7.45  7.43  7.41  7.39  7.37  7.35  7.33
 7.68  7.66  7.64  7.61  7.59  7.57  7.55  7.53  7.51  7.49  7.47  7.45  7.43  7.41  7.39  7.37  7.35  7.33
 7.68  7.66  7.64  7.62  7.60  7.58  7.56  7.53  7.51  7.49  7.47  7.45  7.43  7.41  7.39  7.37  7.35  7.33
 7.68  7.66  7.64  7.62  7.60  7.58  7.56  7.54  7.52  7.50  7.48  7.45  7.43  7.41  7.39  7.37  7.35  7.33
 7.68  7.66  7.64  7.62  7.60  7.58  7.56  7.54  7.52  7.50  7.48  7.46  7.44  7.42  7.40  7.38  7.36  7.33
 7.69  7.66  7.64  7.62  7.60  7.58  7.56  7.54  7.52  7.50  7.48  7.46  7.44  7.42  7.40  7.38  7.36  7.34
 7.69  7.67  7.65  7.63  7.61  7.59  7.57  7.54  7.52  7.50  7.48  7.46  7.44  7.42  7.40  7.38  7.36  7.34
 7.69  7.67  7.65  7.63  7.61  7.59  7.57  7.55  7.53  7.51  7.49  7.46  7.44  7.42  7.40  7.38  7.36  7.34
 7.69  7.67  7.65  7.63  7.61  7.59  7.57  7.55  7.53  7.51  7.49  7.47  7.45  7.43  7.41  7.38  7.36  7.34
 7.69  7.67  7.65  7.63  7.61  7.59  7.57  7.55  7.53  7.51  7.49  7.47  7.45  7.43  7.41  7.39  7.37  7.34
 7.70  7.68  7.66  7.64  7.61  7.59  7.57  7.55  7.53  7.51  7.49  7.47  7.45  7.43  7.41  7.39  7.37  7.35
 7.70  7.68  7.66  7.64  7.62  7.60  7.58  7.55  7.53  7.51  7.49  7.47  7.45  7.43  7.41  7.39  7.37  7.35
 7.70  7.68  7.66  7.64  7.62  7.60  7.58  7.56  7.54  7.52  7.50  7.47  7.45  7.43  7.41  7.39  7.37  7.35
 7.70  7.68  7.66  7.64  7.62  7.60  7.58  7.56  7.54  7.52  7.50  7.48  7.46  7.44  7.42  7.39  7.38  7.35
 7.71  7.68  7.66  7.64  7.62  7.60  7.58  7.56  7.54  7.52  7.50  7.48  7.46  7.44  7.42  7.40  7.38  7.36
 7.71  7.69  7.67  7.65  7.63  7.61  7.58  7.56  7.54  7.52  7.50  7.48  7.46  7.44  7.42  7.40  7.38  7.36
 7.71  7.69  7.67  7.65  7.63  7.61  7.59  7.57  7.55  7.53  7.50  7.48  7.46  7.44  7.42  7.40  7.38  7.36
 7.71  7.69  7.67  7.65  7.63  7.61  7.59  7.57  7.55  7.53  7.51  7.49  7.47  7.45  7.42  7.40  7.38  7.36
 7.71  7.69  7.67  7.65  7.63  7.61  7.59  7.57  7.55  7.53  7.51  7.49  7.47  7.45  7.43  7.41  7.39  7.36
 7.72  7.70  7.68  7.66  7.63  7.61  7.59  7.57  7.55  7.53  7.51  7.49  7.47  7.45  7.43  7.41  7.39  7.37
 7.72  7.70  7.68  7.66  7.64  7.62  7.59  7.57  7.55  7.53  7.51  7.49  7.47  7.45  7.43  7.41  7.39  7.37
 7.72  7.70  7.68  7.66  7.64  7.62  7.60  7.58  7.56  7.54  7.51  7.49  7.47  7.45  7.43  7.41  7.39  7.37
 7.72  7.70  7.68  7.66  7.64  7.62  7.60  7.58  7.56  7.54  7.52  7.50  7.48  7.46  7.43  7.41  7.39  7.37
 7.72  7.70  7.68  7.66  7.64  7.62  7.60  7.58  7.56  7.54  7.52  7.50  7.48  7.46  7.44  7.42  7.40  7.38
 7.73  7.71  7.69  7.67  7.64  7.62  7.60  7.58  7.56  7.54  7.52  7.50  7.48  7.46  7.44  7.42  7.40  7.38
 7.73  7.71  7.69  7.67  7.65  7.63  7.61  7.59  7.57  7.55  7.52  7.50  7.48  7.46  7.44  7.42  7.40  7.38
 7.73  7.71  7.69  7.67  7.65  7.63  7.61  7.59  7.57  7.55  7.53  7.51  7.49  7.47  7.44  7.42  7.40  7.38
 7.73  7.71  7.69  7.67  7.65  7.63  7.61  7.59  7.57  7.55  7.53  7.51  7.49  7.47  7.45  7.43  7.41  7.38
20180103.120000
 4.67  4.65  4.63  4.61  4.58  4.56  4.54  4.52  4.50  4.48  4.46  4.43  4.41  4.39  4.37  4.35  4.33  4.31
 4.67  4.65  4.62  4.60  4.58  4.56  4.54  4.52  4.50  4.48  4.45  4.43  4.41  4.39  4.37  4.35  4.33  4.31
 4.67  4.64  4.62  4.60  4.58  4.56  4.54  4.52  4.50  4.47  4.45  4.43  4.41  4.39  4.37  4.35  4.32  4.30
 4.66  4.64  4.62  4.60  4.58  4.56  4.54  4.51  4.49  4.47  4.45  4.43  4.41  4.39  4.37  4.34  4.32  4.30
 4.66  4.64  4.62  4.60  4.58  4.56  4.53  4.51  4.49  4.47  4.45  4.43  4.41  4.39  4.36  4.34  4.32  4.30
 4.66  4.64  4.62  4.60  4.58  4.55  4.53  4.51  4.49  4.47  4.45  4.43  4.41  4.39  4.36  4.34  4.32  4.30
 4.66  4.64  4.62  4.60  4.57  4.55  4.53  4.51  4.49  4.47  4.45  4.43  4.40  4.38  4.36  4.34  4.32  4.30
 4.66  4.64  4.62  4.59  4.57  4.55  4.53  4.51  4.49  4.47  4.45  4.42  4.40  4.38  4.36  4.34  4.32  4.30
 4.66  4.64  4.61  4.59  4.57  4.55  4.53  4.51  4.49  4.47  4.44  4.42  4.40  4.38  4.36  4.34  4.32  4.30
 4.66  4.64  4.61  4.59  4.57  4.55  4.53  4.51  4.49  4.46  4.44  4.42  4.40  4.38  4.36  4.34  4.31  4.29
 4.66  4.63  4.61  4.59  4.57  4.55  4.53  4.51  4.48  4.46  4.44  4.42  4.40  4.38  4.36  4.33  4.31  4.29
 4.65  4.63  4.61  4.59  4.57  4.55  4.53  4.50  4.48  4.46  4.44  4.42  4.40  4.38  4.35  4.33  4.31  4.29
 4.65  4.63  4.61  4.59  4.57  4.55  4.52  4.50  4.48  4.46  4.44  4.42  4.39  4.37  4.35  4.33  4.31  4.29
 4.65  4.63  4.61  4.59  4.57  4.54  4.52  4.50  4.48  4.46  4.44  4.41  4.39  4.37  4.35  4.33  4.31  4.29
 4.65  4.63  4.61  4.59  4.56  4.54  4.52  4.50  4.48  4.46  4.43  4.41  4.39  4.37  4.35  4.33  4.31  4.28
 4.65  4.63  4.61  4.58  4.56  4.54  4.52  4.50  4.48  4.45  4.43  4.41  4.39  4.37  4.35  4.33  4.30  4.28
 4.65  4.62  4.60  4.58  4.56  4.54  4.52  4.50  4.47  4.45  4.43  4.41  4.39  4.37  4.35  4.32  4.30  4.28
 4.64  4.62  4.60  4.58  4.56  4.54  4.52  4.49  4.47  4.45  4.43  4.41  4.39  4.37  4.34  4.32  4.30  4.28
 4.64  4.62  4.60  4.58  4.56  4.54  4.51  4.49  4.47  4.45  4.43  4.41  4.39  4.36  4.34  4.32  4.30  4.28
 4.64  4.62  4.60  4.58  4.56  4.53  4.51  4.49  4.47  4.45  4.43  4.41  4.38  4.36  4.34  4.32  4.30  4.28
 4.64  4.62  4.60  4.58  4.55  4.53  4.51  4.49  4.47  4.45  4.43  4.40  4.38  4.36  4.34  4.32  4.30  4.28
 4.64  4.62  4.60  4.57  4.55  4.53  4.51  4.49  4.47  4.45  4.42  4.40  4.38  4.36  4.34  4.32  4.30  4.27
 4.64  4.62  4.59  4.57  4.55  4.53  4.51  4.49  4.47  4.44  4.42  4.40  4.38  4.36  4.34  4.32  4.29  4.27
 4.64  4.61  4.59  4.57  4.55  4.53  4.51  4.49  4.46  4.44  4.42  4.40  4.38  4.36  4.34  4.31  4.29  4.27
 4.64  4.61  4.59  4.57  4.55  4.53  4.51  4.48  4.46  4.44  4.42  4.40  4.38  4.36  4.33  4.31  4.29  4.27
 4.63  4.61  4.59  4.57  4.55  4.53  4.50  4.48  4.46  4.44  4.42  4.40  4.38  4.35  4.33  4.31  4.29  4.27
 4.63  4.61  4.59  4.57  4.55  4.53  4.50  4.48  4.46  4.44  4.42  4.39  4.37  4.35  4.33  4.31  4.29  4.27
 4.63  4.61  4.59  4.57  4.55  4.52  4.50  4.48  4.46  4.44  4.41  4.39  4.37  4.35  4.33  4.31  4.29  4.26
 4.63  4.61  4.59  4.57  4.54  4.52  4.50  4.48  4.46  4.43  4.41  4.39  4.37  4.35  4.33  4.31  4.28  4.26
 4.63  4.61  4.59  4.56  4.54  4.52  4.50  4.48  4.45  4.43  4.41  4.39  4.37  4.35  4.33  4.30  4.28  4.26
 4.63  4.61  4.58  4.56  4.54  4.52  4.50  4.48  4.45  4.43  4.41  4.39  4.37  4.35  4.32  4.30  4.28  4.26
 4.62  4.60  4.58  4.56  4.54  4.52  4.50  4.47  4.45  4.43  4.41  4.39  4.37  4.34  4.32  4.30  4.28  4.26
 9.53  9.51  9.49  9.46  9.44  9.42  9.39  9.37  9.35  9.33  9.30  9.28  9.26  9.23  9.21  9.19  9.16  9.14
 9.54  9.51  9.49  9.47  9.44  9.42  9.40  9.38  9.35  9.33  9.31  9.28  9.26  9.24  9.21  9.19  9.17  9.15
 9.54  9.52  9.49  9.47  9.45  9.43  9.40  9.38  9.36  9.33  9.31  9.29  9.26  9.24  9.22  9.19  9.17  9.15
 9.54  9.52  9.50  9.47  9.45  9.43  9.40  9.38  9.36  9.34  9.31  9.29  9.27  9.24  9.22  9.20  9.18  9.15
 9.55  9.52  9.50  9.48  9.45  9.43  9.41  9.39  9.36  9.34  9.32  9.29  9.27  9.25  9.23  9.20  9.18  9.16
 9.55  9.53  9.51  9.48  9.46  9.44  9.41  9.39  9.37  9.34  9.32  9.30  9.27  9.25  9.23  9.21  9.18  9.16
 9.55  9.53  9.51  9.48  9.46  9.44  9.42  9.39  9.37  9.35  9.32  9.30  9.28  9.26  9.23  9.21  9.19  9.16
 9.56  9.53  9.51  9.49  9.47  9.44  9.42  9.40  9.37  9.35  9.33  9.31  9.28  9.26  9.24  9.21  9.19  9.17
 9.56  9.54  9.52  9.49  9.47  9.45  9.42  9.40  9.38  9.35  9.33  9.31  9.29  9.26  9.24  9.22  9.19  9.17
 9.56  9.54  9.52  9.50  9.47  9.45  9.43  9.40  9.38  9.36  9.34  9.31  9.29  9.27  9.24  9.22  9.20  9.17
 9.57  9.55  9.52  9.50  9.48  9.45  9.43  9.41  9.39  9.36  9.34  9.32  9.29  9.27  9.25  9.22  9.20  9.18
 9.57  9.55  9.53  9.50  9.48  9.46  9.44  9.41  9.39  9.37  9.34  9.32  9.30  9.27  9.25  9.23  9.20  9.18
 9.58  9.55  9.53  9.51  9.48  9.46  9.44  9.41  9.39  9.37  9.35  9.32  9.30  9.28  9.25  9.23  9.21  9.19
 9.58  9.56  9.53  9.51  9.49  9.47  9.44  9.42  9.40  9.37  9.35  9.33  9.30  9.28  9.26  9.23  9.21  9.19
 9.58  9.56  9.54  9.51  9.49  9.47  9.45  9.42  9.40  9.38  9.35  9.33  9.31  9.28  9.26  9.24  9.22  9.19
 9.59  9.56  9.54  9.52  9.49  9.47  9.45  9.43  9.40  9.38  9.36  9.33  9.31  9.29  9.27  9.24  9.22  9.20
 9.59  9.57  9.55  9.52  9.50  9.48  9.45  9.43  9.41  9.38  9.36  9.34  9.31  9.29  9.27  9.25  9.22  9.20
 9.59  9.57  9.55  9.52  9.50  9.48  9.46  9.43  9.41  9.39  9.36  9.34  9.32  9.30  9.27  9.25  9.23  9.20
 9.60  9.57  9.55  9.53  9.51  9.48  9.46  9.44  9.41  9.39  9.37  9.35  9.32  9.30  9.28  9.25  9.23  9.21
 9.60  9.58  9.56  9.53  9.51  9.49  9.46  9.44  9.42  9.40  9.37  9.35  9.33  9.30  9.28  9.26  9.23  9.21
 9.60  9.58  9.56  9.54  9.51  9.49  9.47  9.44  9.42  9.40  9.38  9.35  9.33  9.31  9.28  9.26  9.24  9.21
 9.61  9.59  9.56  9.54  9.52  9.49  9.47  9.45  9.43  9.40  9.38  9.36  9.33  9.31  9.29  9.26  9.24  9.22
 9.61  9.59  9.57  9.54  9.52  9.50  9.48  9.45  9.43  9.41  9.38  9.36  9.34  9.31  9.29  9.27  9.24  9.22
 9.62  9.59  9.57  9.55  9.52  9.50  9.48  9.45  9.43  9.41  9.39  9.36  9.34  9.32  9.29  9.27  9.25  9.23
 9.62  9.60  9.57  9.55  9.53  9.51  9.48  9.46  9.44  9.41  9.39  9.37  9.34  9.32  9.30  9.27  9.25  9.23
 9.62  9.60  9.58  9.56  9.53  9.51  9.49  9.46  9.44  9.42  9.39  9.37  9.35  9.32  9.30  9.28  9.26  9.23
 9.63  9.60  9.58  9.56  9.53  9.51  9.49  9.47  9.44  9.42  9.40  9.37  9.35  9.33  9.31  9.28  9.26  9.24
 9.63  9.61  9.59  9.56  9.54  9.52  9.49  9.47  9.45  9.42  9.40  9.38  9.35  9.33  9.31  9.29  9.26  9.24
 9.64  9.61  9.59  9.57  9.54  9.52  9.50  9.47  9.45  9.43  9.40  9.38  9.36  9.34  9.31  9.29  9.27  9.24
 9.64  9.61  9.59  9.57  9.55  9.52  9.50  9.48  9.45  9.43  9.41  9.39  9.36  9.34  9.32  9.29  9.27  9.25
 9.64  9.62  9.60  9.57  9.55  9.53  9.50  9.48  9.46  9.44  9.41  9.39  9.37  9.34  9.32  9.30  9.27  9.25
 9.65  9.62  9.60  9.58  9.55  9.53  9.51  9.48  9.46  9.44  9.41  9.39  9.37  9.35  9.32  9.30  9.28  9.25
20180103.180000
 7.72  7.70  7.68  7.66  7.64  7.62  7.60  7.59  7.57  7.55  7.53  7.51  7.49  7.47  7.45  7.43  7.41  7.39
 7.72  7.70  7.68  7.67  7.65  7.63  7.61  7.59  7.57  7.55  7.53  7.51  7.49  7.47  7.45  7.43  7.41  7.39
 7.73  7.71  7.69  7.67  7.65  7.63  7.61  7.59  7.57  7.55  7.53  7.51  7.49  7.47  7.45  7.44  7.42  7.40
 7.73  7.71  7.69  7.67  7.65  7.63  7.61  7.59  7.57  7.55  7.54  7.52  7.50  7.48  7.46  7.44  7.42  7.40
 7.73  7.71  7.69  7.67  7.66  7.64  7.62  7.60  7.58  7.56  7.54  7.52  7.50  7.48  7.46  7.44  7.42  7.40
 7.74  7.72  7.70  7.68  7.66  7.64  7.62  7.60  7.58  7.56  7.54  7.52  7.50  7.48  7.46  7.45  7.43  7.41
 7.74  7.72  7.70  7.68  7.66  7.64  7.62  7.60  7.58  7.56  7.55  7.53  7.51  7.49  7.47  7.45  7.43  7.41
 7.74  7.72  7.70  7.68  7.66  7.64  7.62  7.61  7.59  7.57  7.55  7.53  7.51  7.49  7.47  7.45  7.43  7.41
 7.74  7.72  7.71  7.69  7.67  7.65  7.63  7.61  7.59  7.57  7.55  7.53  7.51  7.49  7.47  7.45  7.43  7.41
 7.75  7.73  7.71  7.69  7.67  7.65  7.63  7.61  7.59  7.57  7.55  7.53  7.51  7.50  7.48  7.46  7.44  7.42
 7.75  7.73  7.71  7.69  7.67  7.65  7.63  7.61  7.59  7.58  7.56  7.54  7.52  7.50  7.48  7.46  7.44  7.42
 7.75  7.73  7.71  7.70  7.68  7.66  7.64  7.62  7.60  7.58  7.56  7.54  7.52  7.50  7.48  7.46  7.44  7.42
 7.76  7.74  7.72  7.70  7.68  7.66  7.64  7.62  7.60  7.58  7.56  7.54  7.52  7.51  7.49  7.47  7.45  7.43
 7.76  7.74  7.72  7.70  7.68  7.66  7.64  7.62  7.60  7.59  7.57  7.55  7.53  7.51  7.49  7.47  7.45  7.43
 7.76  7.74  7.72  7.70  7.68  7.66  7.65  7.63  7.61  7.59  7.57  7.55  7.53  7.51  7.49  7.47  7.45  7.43
 7.76  7.74  7.73  7.71  7.69  7.67  7.65  7.63  7.61  7.59  7.57  7.55  7.53  7.51  7.49  7.47  7.46  7.44
 7.77  7.75  7.73  7.71  7.69  7.67  7.65  7.63  7.61  7.59  7.57  7.55  7.54  7.52  7.50  7.48  7.46  7.44
 7.77  7.75  7.73  7.71  7.69  7.67  7.66  7.64  7.62  7.60  7.58  7.56  7.54  7.52  7.50  7.48  7.46  7.44
 7.77  7.75  7.74  7.72  7.70  7.68  7.66  7.64  7.62  7.60  7.58  7.56  7.54  7.52  7.50  7.48  7.47  7.45
 7.78  7.76  7.74  7.72  7.70  7.68  7.66  7.64  7.62  7.60  7.58  7.56  7.55  7.53  7.51  7.49  7.47  7.45
 7.78  7.76  7.74  7.72  7.70  7.68  7.66  7.64  7.62  7.61  7.59  7.57  7.55  7.53  7.51  7.49  7.47  7.45
 7.78  7.76  7.74  7.72  7.70  7.69  7.67  7.65  7.63  7.61  7.59  7.57  7.55  7.53  7.51  7.49  7.47  7.45
 7.78  7.77  7.75  7.73  7.71  7.69  7.67  7.65  7.63  7.61  7.59  7.57  7.55  7.53  7.52  7.50  7.48  7.46
 7.79  7.77  7.75  7.73  7.71  7.69  7.67  7.65  7.63  7.61  7.60  7.58  7.56  7.54  7.52  7.50  7.48  7.46
 7.79  7.77  7.75  7.73  7.71  7.70  7.68  7.66  7.64  7.62  7.60  7.58  7.56  7.54  7.52  7.50  7.48  7.46
 7.79  7.78  7.76  7.74  7.72  7.70  7.68  7.66  7.64  7.62  7.60  7.58  7.56  7.54  7.53  7.51  7.49  7.47
 7.80  7.78  7.76  7.74  7.72  7.70  7.68  7.66  7.64  7.62  7.61  7.59  7.57  7.55  7.53  7.51  7.49  7.47
 7.80  7.78  7.76  7.74  7.72  7.70  7.68  7.66  7.65  7.63  7.61  7.59  7.57  7.55  7.53  7.51  7.49  7.47
 7.80  7.78  7.76  7.74  7.73  7.71  7.69  7.67  7.65  7.63  7.61  7.59  7.57  7.55  7.53  7.51  7.49  7.48
 7.81  7.79  7.77  7.75  7.73  7.71  7.69  7.67  7.65  7.63  7.61  7.59  7.57  7.56  7.54  7.52  7.50  7.48
 7.81  7.79  7.77  7.75  7.73  7.71  7.69  7.67  7.66  7.64  7.62  7.60  7.58  7.56  7.54  7.52  7.50  7.48
 7.81  7.79  7.77  7.75  7.74  7.72  7.70  7.68  7.66  7.64  7.62  7.60  7.58  7.56  7.54  7.52  7.50  7.49
 7.45  7.43  7.42  7.40  7.39  7.37  7.36  7.34  7.33  7.31  7.30  7.28  7.26  7.25  7.23  7.22  7.20  7.19
 7.45  7.43  7.42  7.40  7.39  7.37  7.36  7.34  7.32  7.31  7.29  7.28  7.26  7.25  7.23  7.22  7.20  7.19
 7.45  7.43  7.42  7.40  7.39  7.37  7.36  7.34  7.32  7.31  7.29  7.28  7.26  7.25  7.23  7.22  7.20  7.19
 7.45  7.43  7.42  7.40  7.39  7.37  7.35  7.34  7.32  7.31  7.29  7.28  7.26  7.25  7.23  7.22  7.20  7.19
 7.45  7.43  7.41  7.40  7.38  7.37  7.35  7.34  7.32  7.31  7.29  7.28  7.26  7.25  7.23  7.22  7.20  7.18
 7.45  7.43  7.41  7.40  7.38  7.37  7.35  7.34  7.32  7.31  7.29  7.28  7.26  7.25  7.23  7.22  7.20  7.18
 7.44  7.43  7.41  7.40  7.38  7.37  7.35  7.34  7.32  7.31  7.29  7.28  7.26  7.24  7.23  7.22  7.20  7.18
 7.44  7.43  7.41  7.40  7.38  7.37  7.35  7.34  7.32  7.31  7.29  7.28  7.26  7.24  7.23  7.21  7.20  7.18
 7.44  7.43  7.41  7.40  7.38  7.37  7.35  7.34  7.32  7.30  7.29  7.28  7.26  7.24  7.23  7.21  7.20  7.18
 7.44  7.43  7.41  7.40  7.38  7.37  7.35  7.34  7.32  7.30  7.29  7.27  7.26  7.24  7.23  7.21  7.20  7.18
 7.44  7.43  7.41  7.40  7.38  7.36  7.35  7.34  7.32  7.30  7.29  7.27  7.26  7.24  7.23  7.21  7.20  7.18
 7.44  7.43  7.41  7.39  7.38  7.36  7.35  7.33  7.32  7.30  7.29  7.27  7.26  7.24  7.23  7.21  7.20  7.18
 7.44  7.43  7.41  7.39  7.38  7.36  7.35  7.33  7.32  7.30  7.29  7.27  7.26  7.24  7.23  7.21  7.20  7.18
 7.44  7.42  7.41  7.39  7.38  7.36  7.35  7.33  7.32  7.30  7.29  7.27  7.26  7.24  7.23  7.21  7.20  7.18
 7.44  7.42  7.41  7.39  7.38  7.36  7.35  7.33  7.32  7.30  7.29  7.27  7.26  7.24  7.23  7.21  7.20  7.18
 7.44  7.42  7.41  7.39  7.38  7.36  7.35  7.33  7.32  7.30  7.29  7.27  7.26  7.24  7.22  7.21  7.20  7.18
 7.44  7.42  7.41  7.39  7.38  7.36  7.35  7.33  7.32  7.30  7.28  7.27  7.26  7.24  7.22  7.21  7.19  7.18
 7.44  7.42  7.41  7.39  7.38  7.36  7.34  7.33  7.32  7.30  7.28  7.27  7.25  7.24  7.22  7.21  7.19  7.18
 7.44  7.42  7.41  7.39  7.38  7.36  7.34  7.33  7.31  7.30  7.28  7.27  7.25  7.24  7.22  7.21  7.19  7.18
 7.43  7.42  7.40  7.39  7.37  7.36  7.34  7.33  7.31  7.30  7.28  7.27  7.25  7.24  7.22  7.21  7.19  7.18
 7.43  7.42  7.40  7.39  7.37  7.36  7.34  7.33  7.31  7.30  7.28  7.27  7.25  7.24  7.22  7.21  7.19  7.18
 7.43  7.42  7.40  7.39  7.37  7.36  7.34  7.33  7.31  7.30  7.28  7.27  7.25  7.24  7.22  7.21  7.19  7.18
 7.43  7.42  7.40  7.39  7.37  7.36  7.34  7.33  7.31  7.30  7.28  7.27  7.25  7.24  7.22  7.21  7.19  7.18
 7.43  7.42  7.40  7.39  7.37  7.36  7.34  7.33  7.31  7.30  7.28  7.27  7.25  7.24  7.22  7.20  7.19  7.18
 7.43  7.42  7.40  7.39  7.37  7.36  7.34  7.32  7.31  7.30  7.28  7.26  7.25  7.24  7.22  7.20  7.19  7.17
 7.43  7.41  7.40  7.39  7.37  7.36  7.34  7.32  7.31  7.30  7.28  7.26  7.25  7.23  7.22  7.20  7.19  7.17
 7.43  7.41  7.40  7.38  7.37  7.35  7.34  7.32  7.31  7.29  7.28  7.26  7.25  7.23  7.22  7.20  7.19  7.17
 7.43  7.41  7.40  7.38  7.37  7.35  7.34  7.32  7.31  7.29  7.28  7.26  7.25  7.23  7.22  7.20  7.19  7.17
 7.43  7.41  7.40  7.38  7.37  7.35  7.34  7.32  7.31  7.29  7.28  7.26  7.25  7.23  7.22  7.20  7.19  7.17
 7.43  7.41  7.40  7.38  7.37  7.35  7.34  7.32  7.31  7.29  7.28  7.26  7.25  7.23  7.22  7.20  7.19  7.17
 7.43  7.41  7.40  7.38  7.37  7.35  7.34  7.32  7.31  7.29  7.28  7.26  7.25  7.23  7.22  7.20  7.19  7.17
 7.43  7.41  7.40  7.38  7.37  7.35  7.34  7.32  7.31  7.29  7.28  7.26  7.25  7.23  7.22  7.20  7.19  7.17
